884254435244268019
489054335207647826
661085349790836742
853541082498960421
163572009404559480
826867401167387151
533467152946711029
928611744581517388
387887821445473269
726449031018991522
271280549454092962
266477330324383861
284271145137623180
666407206219921132
247773218668454706
959462340404508339
662333404247346530
8170512211516523
322016404997364290
618790443660695939
547799876187461990
752076425388343294
780381096959913588
719314615736401181
145715444652497051
717501181506262485
679377106940042324
319570758517675706
709358213349843214
565670525033114427
910792223095611626
166849600569622675
930594127684347226
280987462015974143
644304228357883447
533934029915777222
383367618085304904
661942468527545167
330860084464129424
655130308343337424
494596256301077020
849365544923426243
596013928529170909
832908781572765605
207797123901042852
471674908483967348
297374883514110201
481230116283299519
642284572191267474
184186472595401135
13324836111992000
938881680147108825
927111364054879652
197786615687141366
891814735059693967
232332896534219759
543693406304731148
228133829978853639
228640104638434270
38135054156177501
662898806943370958
924151082671013953
650088840668991433
14599366563718791
753688300645239201
754611531197989829
733238908956468492
132402406598882041
930789405178260918
520599417925825268
581483284021960307
207528519434926009
890678435560092755
575604344197763796
512210151068287430
917417861802114035
700133701127689509
804157860323221082
647799410521280646
421050223401647774
322619063817295384
923404183276072413
133569633724955661
3283434378497130
766203652313802119
620294304189836763
365082481423235350
310415336042878644
890226521453657234
103247479476565374
249368697284927838
789032480119619412
648938638143017228
709714546646031137
555468727920021472
192656503183496697
455376890075579902
529503772623308886
517382962821278512
172123876866570491
733712088840827412
579045327771741124
125610835180208594
527251730846223951
805814279283211963
932807628583661349
97472429432318770
503706657020494901
781430452212752834
295235872155871779
697335137700769639
987980199278751114
110486930604019368
243486559318401596
927035312568948272
583934585047631385
992279806449836799
978842839224179852
590552836980066357
966873421398437270
191747712953748199
55212812446066881
321369504285034400
274849186110151425
258935664487250633
498215547340970090
655054460696213186
564083976681128057
56904358062115767
911197917471898477
537842677037541487
84622963014354363
967825558577110858
984144848305176339
254894511440472082
818229305568820149
616256583430949081
338668575101937765
16555346557849895
674047198649823022
947022945940181983
794514650589289728
409411627326020376
181878621707234874
32063399035755746
19090791956141548
797047129477067323
660663399034776540
338881928920346477
690065523035729008
495378409485223643
570115383631136266
247687359109694982
568162107027455532
414508376640526326
84760259007335178
280501142689097871
137934065094836499
972186780722289182
506073674288815532
294781137704475016
920695789585651761
279769018859782239
741625337451784995
957907688820779375
41972609945598812
826684728901872518
671422878481764522
295546629765016417
926371963012832492
929589026583391998
164231344923231451
26679955971579474
910634417733550404
367489921932173408
331049750995090929
171233036613559342
395889746765777503
467916279502463925
874842595356682760
338544935234353027
289401232312992368
970781902433691995
852811183475830738
384779219583062647
307370226339680434
662795314325209388
622288640033416287
235734575308726127
952452917310322428
410825370913762518
511037090593997024
778852806519307228
805978625602458226
534996714198242910
18810390959612002
337268457930874730
852958683873101226
442352502405761996
153467561340170134
149769879501234983
817936836145973490
929936533132668525
318286195769754624
889373425727408285
139364109422694258
195426149585582176
116192568964209907
622877716967377746
775313987893885556
425051669994994329
570618860605871941
900556244416070701
949521139468091156
550883605372687820
555728184662097055
753431827522441419
835884215973288968
703185849758973899
219743684582340141
511779704790718769
135920184843605106
279311617956084784
241579246281149039
544938758658548265
455479910362770256
681391024746669906
586166295955887072
837498630925028788
760436212034715515
77233746621260296
783261141045607963
712605903590545592
676219249648599224
173857123220350274
908555677896236265
155512540654974419
484498714707236489
640737220085666504
268524309535336634
832389596456368813
533372001175299295
592204302022932755
555170905234264057
757260734209125827
642501953711065395
803879730290501716
343734659539727545
9892202959663037
182519007880431646
798968031627910999
804438608373297182
112029317210793916
722361732908018340
388096387763267794
137777865089645788
156367693689788544
676167070786602188
200476639886941167
358487474848587294
788026051820099823
455851244147112390
855138032915530595
491755460988938471
19470167326192119
117731386080017412
488874141829895472
569331842628037580
59956422474042879
91411009424211011
873662385587391570
287832915445897805
108777176885156318
953190726353719088
118548376955109866
908991514651747640
528724646097175357
938677141671418
250664965049618073
799621502022331257
768409434716373687
61414662946151314
299037172206922723
349463272757559176
357765281603524495
178019369855700809
521819706906109453
715027814656170161
517539942643726320
2074824498888959
703977769734275466
414550128620774811
517239046334257330
723158478848960721
130591690689237091
336603123731241426
144691947603139174
984332651506956509
968368536765355911
437761949884534850
341788574259706335
71195862667859113
205754659662434
562542425144203930
962819871428152042
665068007096604426
501346352957814543
776335524049981902
78263078411654008
385187139823998932
28816305909595114
247547123633526975
678096345213056573
510853095537950471
121414717685876597
246957788821983080
118363278093125283
493753460349348064
96307461995169549
745944840220997113
872180606805160919
246765659932016451
667925289790420788
364292961425703534
30657412822606266
543501289124693040
668830798380949542
61410279805801758
239457670677708520
56564875200746244
129327114579887248
50476446752152795
216107815809213208
279516117716222515
943450699173638838
21336458244791062
600085686441806186
438321076137869534
745809104464607829
685422373329442494
14703285200126914
987651384124153803
177026784572124117
642400470137674207
216551588838597247
636145250273180152
22909799245774458
99561648535536903
808690004354212380
303249026141209513
397779973290295681
868888381652102542
769864885421717272
984544395257350596
778160159006643463
506193931993945448
815093798581209068
489901054800512232
607875951399585162
568386421197609745
391370324117716858
618793072209411333
96315997874739268
925068866390378386
429910375917877979
449866405393595591
142380581497205896
436399522843362179
442193665009158925
371528794017258046
533769289688631991
44556428553966650
671319543178254307
71474458911565113
160936360271715484
228703948046955766
445244633392167098
941433041072318909
990173653676469677
66706169966754840
708205281337382099
898771263419774893
99202183236767223
267819976163971883
171727979110237393
964686190271589913
80192943141254489
456969461777742353
540532550624738306
257780369434897735
662439371783126913
499402363787450809
257082195065938226
546036922689011555
733753390983789241
234542345537767937
728739109537589160
95413660315826661
490649943052380796
394083911811377220
852198184061698445
26618856019246710
243227710651593353
865859523297802777
770251555398919860
684213801121057885
17366297990663588
459192504070221209
426783637525221560
83226396815125517
671872252513528480
209186593673819827
692409839376312422
883557228507603752
741454119034933870
240157717569957715
799271209237899322
239708692231980402
568078595919220183
280475124129213554
803237917536750034
713333817290710216
196646525367890297
614691792249413041
695968927400825663
519136179757878756
697807166281947594
413860956111579278
305675241585186841
986940416681088956
22871614655103706
451699614303707447
958513214323872363
161503684046791179
943496969086082944
904141739788345874
987236432918524079
55202291168510969
17445582657794434
181437005312980565
836902573495893285
675574190280936161
472508892803538170
821906275768631544
308105569316113240
424596752893013180
76797743857890428
413016729888288758
504900946631127184
695146359372618323
79796091351774359
119893307960146344
711800758269048111
320118877877603770
420071082563799162
954023510445127548
502287762864614069
56474470031972553
344958297214940100
94845397714928565
375799295174908956
474219330860382465
288123486352200233
864204599648029408
958107764144599699
460326800901171209
889045620219748731
638858394281992837
288509490080911279
714934261521519041
571136683714882604
459810712977472427
13636477667660972
924928992397611316
847233607839978339
428639650354323527
385987192687279866
502578155641814131
741439193162721950
464286705972539669
886739914199961294
682001970135220016
44027043353417865
454308976916234702
991863038157044281
989958449329206848
459091580485923003
943594550122005068
671109114426682599
53943212437936431
76333306724119903
551695718037324416
715359728682979728
285712178752443391
572186229057924963
802711161573836122
92000041643434368
943109539048439512
343781790607705795
786143880424190779
878272079259871987
843395083872235044
559927692279295634
499449452994680753
897181464652379464
891859309407258549
639439279472327336
201414681272296816
758846590786735627
587386136984723868
100515444198598042
230588976803339696
590686945823639425
388330092998872001
803035437249852945
281828514262087432
322263362919543404
642796999062258229
496488991833320138
701928349408468559
933551219104380186
401349880218565270
184427901773614435
592080765922323055
56936670050600311
490046250482204990
767474744397771649
146555648028105343
273054734147066710
307363385819156894
277922161017201118
28698310757792730
357247115104184733
313180494389068680
66267062136600016
815217410249681196
686455943244864464
200947729881413230
488286191250804102
650900300524972584
308563119078164291
166381696955926213
959615926247574206
16262180918460194
317495619361863492
691005735442675821
111093309639392317
502929549159430762
987376808349144352
342607054613248354
9796588994875733
906289694243960174
668333812244979249
12967058939460526
947589555002338639
958375923449259211
758188936357323956
505450952866029185
334378630484804713
834917410187308619
561060380059010166
822431279167513975
901132480427593617
964725125196848321
444925233448589130
890171319448243347
455169839210798533
113577197263658271
89769136666711317
343176263666128620
344219941375857701
549136707455539747
506352439745122714
580115136539417091
853420552452443803
458011215083882294
807983685472966039
720541183886715666
59952940393587946
799050930607051865
919353215909296549
640939991672729010
641908867670845425
592964833872820632
598405442388730952
697046907136126248
360264647472811070
400926609224073050
856739918554961075
177437044553498360
295113378000315495
236869697714926649
78651054687794298
44293568052947126
377920720435631829
334476547872826182
103328185284407401
636728011744537034
876623079744524516
817881947514566752
538024594774375721
707615102365647479
692097726862389936
222571282765913339
147569916643686796
112398860326044319
505849960364438161
937550329595606586
854870829315240784
726755273932864344
692558353658885209
638620832824424506
203091950138516674
572785652726020558
562517392007964506
254530626817981178
474010255437203715
845833272332454253
665688456796029561
466339568940820143
87749224694580164
759837147111830658
315137368782562578
706154554848750061
128375658844862827
986872944617102923
630067315096908088
604897564486436008
538599044981082539
673375292037046740
808884318019761644
705919801190201454
78624354852773849
458194777312695473
966452726936945317
229237941145330716
791580394839604350
188022966420201955
6349485648117473
906542257581557283
848629835247563971
260579450569291096
347973642149779346
877172836892522258
986699358932428719
967568430704100557
570004543582181678
43304661737055524
96883186419065654
275153796038214884
147507724301426183
736876603042823306
865270063415014940
457447413895609439
716842689906238194
2504274706922061
218845598156694697
525162490995428998
237544702389275015
230952216867938671
578935202098648698
238663601879138308
256925291308732340
592976752026801841
568329633140633719
579882437920646782
588004337462831137
805378263423009355
926886525790102218
197094089435644619
92061454272175945
928150183343549489
946864523308807830
693846822560782179
156358947219601076
445634006214243301
469084777875866101
524318497648131867
27800030535236854
447811012315129677
17276619297818335
769569392795929675
188995422869180
301729289386998611
485623645121666534
475655243736179424
993753670737867865
607412406165285398
488495157417696179
807905564178738241
941466267605446232
462618559728967231
387985216291999964
978002673998787254
533623032737488692
841044974063804500
15251044240314571
955952921291518136
141998942618841548
917990001439286797
277287722272011258
907200900362095372
206089857159956736
267972274288870224
824634082682335817
923554132371721603
610373502000390397
818809366646993411
710467157306265575
822630649548697503
603864291948180644
904926627878682894
734101834748648209
999056888714005944
199770997162904057
742080833675856536
404987761664795261
513206676527654730
931304682078357570
372798208549526638
347424354155872490
454608751140785527
177146077364859011
53765369084706227
847039511385391870
693805976573882636
396218714559106224
213736764963979471
874762236207759294
319505165510321
180719926974381458
478339640734914862
178429126635977757
120721560005360621
924833097284734038
775838286717617599
214262359519896021
120546889761185350
554334495203312814
562056452092371610
417790527816622981
613002657822678012
691751020607637730
78387114568187062
624245161248267403
523843707704623172
933596160795017694
566624595409851221
500820063291137312
353760101948850031
173618499267314956
886377269102777517
310924266593511707
188706195913967057
902935399593413671
93809548052324619
65331840592612785
71922041005120884
510156144165982802
52938179134962527
681583238961088135
111582543796379156
782949227358981810
636650392437688875
140246506720087421
439112352817471916
782463049453314292
76346003151043538
765645176743548928
348751357407512171
912571276449473989
304750400329188721
573195217087369303
617924250624340063
146231753387317113
357535985601769456
430754127992444707
732024000195273494
862155988123859041
683753038944141988
974718658719149868
154276696710692098
413306120553237901
717378501546400374
475626286295259089
783544554282269309
766610770764224810
336465586208691277
525117161537394036
940484638420882323
46607828211043987
768801275472922953
598419857507493857
6127836653357017
605310117132662243
518217153450000825
214786977922631760
185316997633217911
732651509602802006
923622955408354745
450277959743768892
494293882202505107
425662955669841809
323062296043992567
124985938980879230
527478397520750402
659888443365720023
851351016659423416
881287128443151831
904968351008498231
550767153010507403
820440623010462326
743130723700919310
404125917454374841
473578185328020753
645417613055776758
923160389436290402
479749336784579537
865679503337322744
595097816486093776
881245368139279448
375171996016840218
577243489748296150
992940346810090723
230046235902137291
675546370088687415
949071044323176110
635057995844577775
885550713927709643
207375530904087735
877820191498456553
959426912751995525
852108634778813549
87637868488800183
918833005061281818
501907932550445300
579540541345767878
120189685656294853
33083599214156797
931298623568455612
54466779886650114
370553248576778477
246977539907996292
868011832226482652
208474619439873409
869284468306779596
960515853585144141
547499377198473311
52536650063929518
602615575756158483
406265828673386992
999681746690434775
344836110973117483
159315814696990014
915602551380752048
93305560932942854
562095612649117846
372082894484161005
37327490717244307
998682828331191911
862737719225503072
33900176398752227
855503886202612561
809543143477778587
545021962956163990
126940588732043403
668007657673066145
109523263510689655
270379915707032537
862420074819083008
25592014934119768
472554748314561218
364784021250042099
975166008238101952
961852703144165899
294753676559219466
774888722863118657
225600038643492066
386069719980031168
15516871494466328
71482701921340061
967122874691050167
329416311466992443
743451883041610347
643591653966448223
771560826766605636
663847951638799620
708978129509142829
318884231115129204
962556207775079071
154678492373120791
37120039260461426
592301260441129893
415286312221319089
544149602673468128
904349097736198293
537207299532995895
182293682152546297
343516663846593318
215529725782088000
738768776318297512
596987858123109518
149803601770086967
536134501846800116
620883490863164930
304028019567034297
473388357473246819
439172843464415837
894748079402053382
863033862134352333
62584136390013933
607805617437040586
76444239716485779
845130381916745044
829666524741667423
394084129837529737
8083023240205970
92022243492461743
932145545594723074
630083355080667539
494777150353731552
305514328775434958
869809168311745877
618482905388600471
949900248686112551
192682467153620434
714247470685458611
8325356692667173
569486343976768090
797069512008366658
88150735689184708
868098664566127459
849037133633355116
442682423109059505
942335921420705614
681015396695503012
588459069581864
566079505164169326
558370046191843964
493234808370704178
872942909492478519
815036786450849376
261721792750876466
274773888652011943
743084226001721037
75439406278105702
884033813936335151
922402097384337581
570617065906102159
211692518500108990
218764552447123272
873088930299984580
195374384186604158
424808831149349308
255533647546954301
153103851479860598
782106958917614924
977979627309399246
514264023845439806
744963331793167706
3469159410669200
537528362483803340
285443242596388979
222238710182150802
628856333711381858
782480829683076379
898717683067311354
269896169300362443
163085125454850569
180362646939015943
883060073572116568
714050060400777846
605904246878177012
188089611887084446
18261431486032000
108273565458504991
977049997997207986
635507569044038098
647914083031436600
543383268424963696
23557572161041865
465058302778904916
914543865666474654
457965730817618360
64533149803477343
363876500604669829
31202397854099858
803277949790361655
351616765411576598
537886823126188212
369078375120029243
234496431468103947
689120659608520673
762651533918294290
362251170925999308
512112283189538591
91199935318702132
329470979486489441
730623330606537284
670153914485164573
317827077558756045
957388931064335851
565007316354215897
360898494755265519
928296222582363607
568440976291445526
852997179463469652
631149148118475595
274833470907840479
136072709894322601
300036162155333576
717491246890274920
756966507862649116
354226875925753896
885509931196469512
448218521118347696
647747073694162738
625189799352141048
476194625423319239
29520051510826315
636367596707811014
527735490239707560
994956885828857448
713744992297857235
669948095797296808
985907564709804490
899106623209000930
467392305370346279
928290824925823360
310511560499899773
44166915765966855
606472024940489536
937794601738821217
500780917141729711
793011508310075150
189552462190520499
322002908581822600
616539670041873439
44137055385353167
141580475075254258
715284772289998612
620508401056703715
79986992179454454
137806598607795977
178164351833527756
272886198990646431
88918502463390391
134010627530958231
75331872419552814
631834778065873861
749050933422284994
837980098873107773
644205102963522605
218189470571654520
911794921226192886
872662364365240170
17855331478964585
840319154315404620
319730941050536075
696603671414245646
117009959307888845
717708949969380123
437370069778585706
176483772297096571
929731029507693970
22274574760560961
633746615880099912
711919036556423112
829400089418188994
961342730979144689
413257913769412577
996880250592147760
51709252754105574
935520148056891448
977761096217550608
21020070929727304
289422216148807657
647298516394719493
416277682757450
968569091058313731
380699232552822420
648593384345627390
669281461392187459
610733140689348714
651026184242547226
262057361001455210
908553176811189902
222833219280879328
910861504361986056
453309243875390723
416736417320222062
75835553596524076
21377611180305124
847081697907821857
691253386561502823
492824034644610187
642049792556068436
394013696238223006
129489280121893527
305016320620897232
436823706102637104
847602398078719197
960035279131655692
85660326952943476
343040313650921607
382140955665256161
175035898872276069
186040037696085835
833394184362709383
66917219812386828
906552330545857178
36452362838453
969616933318593957
688178037419797049
61177557905130435
157574170522570393
388609526469088835
709783843656830758
529163418016563000
661889798130651830
525948529577282086
499028148090827033
491979519227312241
846634765405314375
732086981863285828
260644191828769106
705593508477817083
493159511811748051
66068276941733599
987862291641079809
358776628227349198
139786034527084493
971922265551849196
235260581271362187
535206041477537092
216548228188692649
148191074915210467
975780125849761088
407045938773506290
665561739360422582
935125961963329346
770278722694749078
639572906927219107
619157478994930309
783434782720964395
375256509732941621
429903405577210143
812406477116583111
572757503060942816
390085493824106866
365533522876823064
530104984276781561
297350184552448820
973580212771383423
950576305335369575
981530870009061749
737117711248796602
194449701165998681
286050822769457552
93514189635143861
910660010565240136
311768571225713699
703920461337222135
533175835604304174
745070449336623188
761753143505099235
161473326105936108
680147095896756364
186181086911477737
393179100325428571
722791583988807201
949888150874844669
947881299829004961
614367575180673715
114725432359417873
319811670161014569
280546301046425917
185774201857607724
749478443422941391
774031529379258829
213953142277801069
545436527841585912
694335992439398481
577606700172800257
205611949081080737
554682052461014899
297646722686110900
311815812905985429
777606632731815262
425696057059520238
102225477067697545
162205310033764191
638884114058792852
231409979715618039
840686308518344919
820764948363746291
18986896448484042
799762452406744310
278684084862270433
924576300144121457
501175054443178513
899499119120413386
270883557680960830
467107412856930045
638598375221488040
135719378873665357
920228294777051703
482639888576781903
59876407857045946
674677836482069641
928278926215664574
624740501128061749
996847452876302344
354465515758294537
271316655648822274
71488097328760763
178223105935050228
942206837300352384
680793845366516254
559910380300800447
571584896719456522
550002991120474922
754558443518932174
984380991560959780
441274712297349016
952192906826368556
868236647986225411
155227594112814067
807208000950245491
723138589027667961
901391057277998166
156673219922203363
394944400390301624
141141685157838493
309552877958677998
682876684886438506
40843991924878728
158684130116848878
835301660088312212
55012114793201267
543716917955766219
957521800679148706
441301135632042989
304901799160010074
545181427073265357
372739027215617643
737208870919196622
704220836548159578
400167154478998929
118818978887212853
396860564443796491
835084942843986112
224010619579198323
157234592286292539
657523432861111909
844947650244235284
641144666359364419
345983950495950760
425931501691565282
966350623298268691
469214106155653036
112437672308701566
628011648701534668
554406404178020834
522934255836587163
962870370134006477
582108536659294213
86668456362982013
221775806317569202
381879029259256964
683809399776376034
618947329936766614
217592401229948922
3168344807257088
414768760389800412
277560087492214311
616438812806191727
739479916392851423
222740945391824746
802799283782682260
294139338895776957
867298299327261900
311598914768700925
53952863555884536
714450807377712261
317875105942111663
520366651935594532
585469115589298878
728318909665109540
812042615415585341
815276235564527209
105331142927849028
56760553572680518
731744716673148080
775239791186438770
203650718015905611
288093779406874187
593729190766593653
860829522995701072
182898062123659569
337891231960570633
186912003808342660
445432450063845799
147916965551427796
919430739041528676
642532279985630165
361275404621132075
807390652749666800
154966476170575780
274798091429659083
922207281630238597
103531798042680780
387999148064437778
665985776456957576
794261728976540740
711389418312295691
41690320003875470
274099307626675372
591961964965239531
231838883077840994
267935130622994773
744545902794646065
179800904604036528
689670388836610321
496616819740236488
49384828179545341
688858227691601978
526687732480036957
407657925490634199
554089777661691957
396210148048813959
818373349123571704
623050741614481838
997381302216726574
383484199879993951
366624270058395520
634183025456946923
74914368467101689
211117781563664088
848795410128943778
78193873891218228
794821472503274410
998541861042532758
116528855064389667
603902961908127192
769990249056513347
266152826517363075
195922439866181894
543000778054156943
184403995245669955
726751448070437141
56042709405286253
179623449619376986
401303576194217102
402765093085531629
971445627099098101
858872727830886621
842326596658555857
141559500746856532
485737035966149093
46193057306012664
666185120798284529
804517654875939527
663772264847305086
888092467893549520
858234801906222004
140505452674587783
912098639580097845
274413661686389214
138994674253758843
913718005666894827
737702115079747796
734737842458855522
211930224544351239
148219363357799662
642356656856050983
802041479547181419
72243580580376187
572323517784476505
931136786438599146
955988287470542951
730860994021083503
146162419647334823
74268368669002481
373173912612326368
107332074546347006
14063828104805447
58419237834165680
860423539266761634
24819681413630425
542807289665231452
155667848109920159
118996879594100017
992017095268128713
127487074534919757
915188474703904823
889653200413618310
753124650722655291
406717942954216759
465344768264596847
477068070331790443
318085349589602146
31929926077819946
599968431818551204
834832204082868104
287172432028556789
605929130152922780
440330049883300396
634411167922496381
596120011924255910
432645692568925697
969513180550466024
854963449769866344
902922571275776671
808645416464069261
284545492004329467
655657684136726656
742371003244599025
333226776389191972
160172561313927775
42396790062390353
813807911620745216
551256285865917497
973445041737904740
948062048818914082
363080679406524498
411429125048430218
48928390210902532
747264271970017406
689955553082631353
949479164767478798
927385798809558962
352750157526993345
720714831173113528
595496130752071940
115126674997578183
904331687387326904
186166287770543713
947091715753685802
73170237692246851
153635328843069426
731381952621788282
304717328790887177
402290212116028350
772611915947288939
967247224008648143
664079950588309769
175044323310904807
348983884261273922
371007116100796508
700423446473854627
778357531927258951
891733054970497248
790432683987278274
690819724514251397
838105755514670286
314961816516521636
881557305577286322
235779506768956650
871031862710477523
493166663107966068
129065132213394112
851330940151564841
692487077944477288
779845517249239237
384049002622274985
98664348235152681
414519557510508589
103743731662446805
318902492554646644
3782540154388718
809429872079435113
378533535770365884
888555322584094862
870402259763881368
363679317996426756
271857005801475582
72344607188121394
8749180286153121
667732652198720799
170048133065782253
9375355643991212
238249483121935739
511954395044542975
939851403193727065
241906103112614318
591866117602622424
622053358557650964
86488507418045008
503556499246985522
585182553852667662
590818913361716501
877664997305104579
768538919925598770
543530683562623248
880317839097544128
597764900433661249
783761448677264630
193610826853724135
405789631781101975
922090025308472951
950800566428576206
915643624365607745
136060739929900053
91837545504928507
346528917595287012
200997739840338473
851640700735547936
393777926736881473
761259769704966233
337299210232666756
154441177330852806
591266097581345771
224424160559256246
801459105739668010
463987190625332544
570455977842408357
335883550471292556
281747104530734906
365905362237406277
487590785597298929
871174722530723543
146996427502764912
879934237221543756
800361754365648036
770213235031755060
178067771186345683
298643618610649937
748214017243739031
37200986640204516
768377562244786494
612446824888529948
124647153547337629
322174577378965488
719747161982231353
425497731745380094
686592879168617580
779265016528706680
625743341750697816
169245759934494253
905034947224795386
722215661736948773
521681229799423860
831819156945726329
767263586013921462
410911202267215790
115362739240452368
214300657488158071
107566516947682951
373306560177757089
170445564457856206
84622096599735651
835225297927673208
615097958211314382
256825238797359904
162709504246524642
176148752253982649
122082006079405579
489770202258906895
294592783837640212
959830904194476075
210764993121016811
26483645920721474
609166113487186453
466141801644790859
7814017468424768
984496819686562585
657680313829929143
355183413654584111
19576678357766411
969642367561329942
761472015280627797
692768511863697910
763636468297823671
590023307818654291
26638843904071689
586155071339211784
169426743849518656
281846223707192870
198446835680592584
245178717182315318
244720652338011508
166443300735605364
582428968549147654
709984086834936965
938748271304485992
190774647873504714
674162113855220399
307671041687077768
548766511533273873
360000892069508203
667219524013490833
461929609216077262
385057117179264185
287855306628364411
651982874543760027
478819527500259948
9540312079679856
502365497973420147
885973381010796020
98099536739953921
435766202211945053
442697538771540104
27700938842654572
338974497789617346
454880137832525336
244014202823926344
880915334543413929
468056369415316282
301863697474166363
708353458984435422
308496707492012317
343007957213978190
70104239583498876
303648154746939940
784430049962829532
271235301230097670
634576529532285324
379581975958169325
346698916365041699
738077168179979578
114663451418555043
238721641083898231
556032211928857503
908048987976507537
294817554639326778
520167880719087420
123395307168061057
324660490958881354
282631420683744812
396433803408755766
597057625494624786
600294917013714185
676434046477036756
471115449024595912
73335878624792929
921457312475121971
155312680528054729
94677257270979905
903578027802833515
888570643335644632
78678076273941853
31418069379235077
536168457796464956
967191540488606599
378840165020337304
804155231281789741
323794621282366822
794176260446375882
739429847781760630
796846461496270972
600097886085603057
34739816434417394
725774287844214273
938528247505358841
375893182415810566
357499478029538844
876766292393045488
710888469697607685
854165610981986518
267046986366046492
597292948114485992
861617042206196582
993862224894902348
771895452947028571
401147461959805259
529869865477541879
582213286869251749
427713326019038965
170315575190646682
864011870531592406
619286494517673709
535200843288018545
116517335361722483
352495791540480857
908754821419797541
164211194369846771
51267435185117553
491731587616243115
936551522699296135
225901788948090458
27922377343887540
393564918195016797
933622704031252677
724491560164885781
306542689237069427
235618589351307572
450742137320442638
715470098857578487
291278739239788001
139440494112781623
118212205846267340
223604390907277277
881651302617830680
702092124947911442
733431575802982291
259189136891228550
403867494599369621
442864921803198544
398448463226176064
471038676986270101
460607681723362117
21572513349173560
156888766487556726
301882425964955684
573226704553710537
958191978016012937
384286877544134278
378242186957953734
477713618850328500
406348657958616958
690196438250278212
741416342475503444
162322528494028438
647932205465417454
403882353917453301
50132294009082309
79668280537264185
886623337612063126
76759416992302355
464373852909417066
745859844839745062
761457474362433516
668255413301344823
677368765973000959
581976393697624799
650452000925275393
290644768148896571
473189557233054248
218068959101063365
542298817805664620
729718228450818814
880214644932189214
600990635230442982
177499394840740443
593325225753310889
79402035441340670
734161138574430958
30162042326521341
437841210428463053
624767451673708470
417027831022422124
756171131917638795
269293318573886637
329484827425474632
504484750784994023
889285038708559798
678029577041039297
91713946969954821
121876607738381870
282678247598053483
510808683341241675
563003915669217333
822910636702958533
508982399833260038
285434269245120233
272445479883239739
793441159799893035
192804833062820340
578710854855528402
107589840482164559
472263006133828879
496653850309092193
933759043928878032
45523464327328918
296898308787297628
35439046880808252
683351309060152113
512684254526820166
859901618842234565
55677825956293086
24984354980827363
651881273773334517
607176363817657278
797773936002347004
381167359510095917
219872468480972628
888603011739927644
319017535015332882
368448510474076061
260458308838913748
196294206045107714
122050237470968670
373739586503653866
876586632263341825
1543615037157006
136106253519370450
250763489652146174
489132338681677983
57687735551217271
352581179142431667
829596576212479675
629326420912214249
456718896552430991
629823029844107900
707367656824371098
246616374866089905
784128370092250381
65445916594790764
390941936716433795
543502601160934318
879480642941137932
233475892910735627
927625343058704793
932439197665528435
551706909768587356
259638593630401208
793185123884810093
946910934807249644
628255086744004192
64799557354893329
70174961273367860
525153247853816842
273559729393458235
439691698369639047
619016030121178819
963002322238733231
518377247876875272
992030968128819185
940261881277668937
931034065614919676
789246044232822428
408485491747793633
795987399753144627
467337945822082011
10944160571077671
364945746662215084
438785412434309739
336039748118771044
352408788978377027
127365880584523306
701702082895879294
797376007399707272
198030035490425795
17093555083274393
628614060645712550
775529721699440566
442580324799863827
338354637366345522
953708196374442043
899123345903457578
762939058135667464
103978564424974980
592896412332843550
212614702461527380
964892162328377234
341319081417835800
822568342908088038
969716398556558575
443589274863966285
418472968576326579
759324777073071074
709365876795010102
311985145243849916
797417382065900276
572756323665964411
86774912769391409
566632562600200351
90875707579042421
897068888922175800
317352515723780163
807871905879277710
489631756620597225
940987383001311109
678919754778595510
710150814273871828
941089488636656211
178126443992109825
506853632208044999
926699009083628208
255197810149460169
530748859319349050
150473376472342335
713425009390136960
697281490575322819
278878202404952360
375334704463315517
2969196997696640
466400264644669343
339667724648301152
973593562955417380
51558250149115034
176788465895535802
754735838741024725
28271069051512161
225476554060152299
819398499805613628
294736918679052549
19006883736784892
166121074551063915
97631986270948343
176164331616369106
987150512059409487
937756803603346463
587974610718165183
951544021770653953
250408046430767811
991049138722945735
120023923963242349
738864095282305427
456059698579255559
746235731839600582
996645789627363760
517850460440596623
504712947092151137
956818324528483059
878917322621354045
892601953039780859
826168831502721042
461083772565757259
92471711653047229
854702065910841306
299048664998971875
226961992210606785
11600904397780422
746877179530557889
738074888251064490
474460783080674024
621604873008858319
519177034592845553
257976455930452898
83888179969024809
738207153249272134
892926005807802302
959578926605263040
74575106120868707
977515808746691199
248977519517154265
212680799340710616
505098233337191482
688582406978101649
212028089530494515
752064140553233872
323123717386720447
249719836765781185
572721598916461242
142199321880286745
281677531315053961
300808809359348718
671475739678976194
612769369948302552
877117826006029873
14776195302679669
728591095091399461
221721697684468412
983895474920275650
833439508276658876
316061503488705558
375079016054007297
450940817182961512
435932072154444805
852398201807114392
634425750378982914
756944577465904989
501699640871155047
842857908032509856
620409071722361854
784666449035380274
472495958804369300
375476105363980618
243877034597400892
902182461392679757
763007065001862928
906127716151908467
643159588081244851
736472211009073845
862637866377482077
208485252077037978
740083040092926515
128183068222080525
636396731008804618
98300920985022115
387953989313314383
200676576982615535
833378626605596429
95416029828044665
91321191216151084
298702206702609401
493026026600205400
852944266480904159
873054706553674021
759755019387397284
656297477578850932
916414171598071845
538532049443606092
310445201280778922
313970344460006999
511161827356101555
570105431394234581
210517501118724080
337861244562693098
267175938850642728
856788656183379519
50195906812087103
597666028184095252
373718719661411622
294640714234555779
842940073448970204
933971321567248083
648523200155710367
837298535645533541
197007263071031097
283856566033259948
907303171851432481
716732006883469243
231956496457972976
342316484750817722
279135311461929267
709610258132813483
423780006728138566
623425706299839900
446344007160586291
914757595871170074
406184909877379860
583431100522799303
210985973554552459
263158036349517218
742538782637966915
665055347019661328
233421312016257190
122011501950730000
597661969804738088
407585218632583524
794136577334441701
723016732451226931
784487225863236337
21588327115001853
424774350481301196
645156687035558728
383157824707637824
100507960533436390
500590682250966619
772930708902436604
950266600218898254
333413697033967682
427432763020082655
394616901307159286
80991589115840522
724711355369676347
361747697869959285
664256563085281358
314062519633374987
263899342199583835
46034961798350474
279040390282469585
478929211803203431
605488349585982516
339652197975902160
717519609983401512
11885345768768736
801609803854474597
124666001404293166
537440634019438809
124105862769082799
77220085718109928
229619231246369520
167148052267144130
413878616727281561
86472285509571166
139033956984713906
963787672543277163
378308125436650196
968425847148648493
827543559273941506
446096489673237663
939754334303313101
248603167907915124
777819408768037296
34775652628951014
186698898899928576
957358040197798750
652336845561183314
637198600139698977
745038268239398775
218082757320985864
916488528237275215
374965308122026554
723064812358423344
320842071335545653
960215490114155604
288375057553055183
484106385040299884
913621322736951758
119059668070401890
64309515584187322
774896106392345195
194990543064413936
179998427675241195
494698066066306735
91699610533857804
435685573636683621
727042438046903330
667020469542775045
809607191950471777
856434567030253920
638204953887678167
956741965390871658
123824834828818968
475788298765402105
62196386865177612
129051450500470286
38926394238879744
819073022487092681
340390086235326102
647048223954643686
373953017075513202
366657157977734073
642724618311716923
409122544309458227
286519792213211573
681177832324793998
2501982581897938
192614226250417573
325072961407625688
446172040054711229
314676145510716233
627710042465894561
231454182260632652
140988113310231838
271911088941006030
360301565878295236
396416774497105903
538977116645786324
460887605306024550
246199361567004294
849325745280465263
897303982285022986
498806924548341585
517227669471870526
888305864286435290
91874674899211395
379430256813216422
374397136940604760
406817123253001414
470643502080314669
443602839892937061
189030953795547500
247837377572018638
584124975987490032
490684320930194262
145475048171716252
207747263893121492
922010595359421666
384708954234791058
80222413162558181
404628372510269284
511517154329552083
879611240614844206
915726112503268712
139311980843880309
136390321637461616
817172865141102624
725798185588048081
439294923274834320
939672173280002484
164303728791355271
377193198118713129
546170742436483496
316705813235489035
159523184899153269
651540241521450038
999867367124539809
87578007881140657
101079863328163510
401972750806773839
254014690744371245
744362400255192770
866280713140185294
431763030155349139
973927720086023963
12497035408059566
678259190426087285
675194463449809560
272860403065538344
724140513994365608
942243431683831189
894065820085746285
139065976253498402
422424339748437520
569855540770556673
177499494489697913
747186419064354266
794327385990782665
296145636424376755
786885415479607813
50106919001697436
403071817561406569
988458311438537993
368416232505665088
836935536516909796
134144701941004276
587415534537112301
552307410689206724
53034476936063783
574465216257076522
32648127055260883
162512139990478616
928000922886665667
862376095702835172
32571620737750154
678720825883206239
473728567853513400
300078367940558553
402181356519448457
783289042708823202
851398482288455566
599484196632770216
740624483581389545
196854845129297574
628712297562230515
118813518262610423
488296871077447994
754053506200447513
551781462129499010
148473941164414512
82053115743133037
425728904813797540
798325653381301579
996655507040440270
456849921619029855
31046697165759553
305992716124154259
28382542163444960
208438398713557849
280814697638057298
188422287222045467
435501010538271034
879061178647282942
812329446063026118
382339640881141763
430190415469035476
474705001624904394
631226271069377462
241412539871551092
227100115644443931
396635245053021476
778796978043663417
787469033615959752
763157271667577890
854605936175112567
325846750379623909
572252139057957097
305297508338015021
11221903312848102
282686635417371216
579864148570526648
66051048247927372
889285790206372832
562034556974276825
874181923762236457
497691440375090465
826643546025756953
941957826501637422
200929278536140883
810488058312313980
779727433154841781
979015620565443388
663605555429207554
554164780915587876
965414008031064062
21944305123854506
165021367192139971
123798627869327478
407690090046290020
971733716411000061
673237752607500182
832737862876312889
751681083188595977
140888050629585117
714471986566691930
363625713151800727
593891048271859940
360852495434934684
429038716171458622
881345760582158702
176927430061559902
438376024669934868
209412500747852599
155577204482444500
955847176882353233
7548657802836792
764117346188943664
459721046907095203
154184379317171642
764288387177665054
421084582631106303
728898820299806387
45684912683545670
739066153510993218
660345900478506925
15767155725836593
396761888766389269
235994872828293046
724000308966811794
815933663841713430
977885100675641736
499161333211112820
970668474013256537
921710095620622171
305652790160876058
777272369414669382
868309607064148412
889906263470254982
627760035041404140
270577509740437218
100522797231512509
720172510672620457
943911729307155436
607428369647349972
757725454641551184
207299830249712385
931883531893353593
342348636639840121
458045064845670794
885964218467400228
86085991851439845
208295406499903564
310945345938751610
751015613602511799
716437371007636421
334768221956985581
504394891310652180
95433264468241215
393205050381960189
353398907514322843
455234027660669393
780944338644432004
186053700146540290
395097395692666006
128040690826512255
352085788509625915
397407177435355390
249020725718613340
926957926116233167
921958942604466944
382421489932940263
772080095363857958
129527632957526873
823222081480318551
847004600781886233
284845764325191383
952380414151697261
465854327633151228
655287550972113474
305441331709396163
887124200306540839
546968775735438768
451762485577437364
639757814646472012
331347500310729858
954438667029779004
896913613876439091
747694249196021688
69406846339838115
119810448437022016
336747390803041953
810720432314306722
720579719812009979
800305309499100846
587500914672038333
802977684553123117
516090909725067381
662224710422842363
354775833004148024
878772645346872628
715979771707739302
515356271241470394
108586922417563175
857851613332466220
11518429494644554
373510552998410110
807754475440426864
768342487310716460
262751719062751067
691938733674730234
643414256097280206
519762085211381194
797825468438341646
555363675910674357
848359854203210005
262901463989121929
90866432268396892
221628606708818882
976416204559132381
330299890904371155
44149031626292880
302793873912350949
53432631269994933
473679052526100291
746082690942190897
803663218696217827
685867562826315922
262841420451852586
410765022453401044
635281158076887937
157712859667154033
826003726533286773
888322567399436339
842661335197910967
429544607599661550
426176874957822218
383576896848523940
697319979991445488
738196160470827275
877319921148203698
372601451278667906
103609723423875810
458438385685911176
401404608109683964
396978299811211178
732153077714307055
885133827280580666
596789691834654188
860727663346185675
206941882478062879
439451830449388454
946962743623924539
311454212920487168
676042420248070324
513190080325017115
273024955267130302
238760772128489512
644560809079830398
211411660851630204
158283379638028407
23361577109470199
602019891202896982
352059190535112426
728795063466017953
414373117946329784
740913098989475229
525201942239825562
572960793900540262
93777179519649673
233671592593435171
845844019772745817
739364581797599657
811589125589762573
721420665834680429
477803614290210469
688721635961064190
388849379854037062
240237865937491196
919890986469761676
163543023585885741
958703330250721474
989005433353582090
315759112268481193
988055227594477416
109951480785118192
46588716526407751
344486054599481833
588347047338411026
752890726134066202
80375883507481592
354809409066070641
573174897187782231
568846579983173780
629297688206034756
664395198151585568
174686422508193236
196273087884538790
607295915200844045
808858053377111669
200283185913900796
39947194772199780
765868917277923758
971020620266135298
869878658780202573
138688123401110162
491526203293341493
584193876822593377
504810305788531037
939230196517725296
444476773606020204
469331474153523078
689058918058129835
694350972546491536
609889771149811776
271240006753435772
681801836156515362
778926917574059504
658959647731982644
388202355359402729
315261865782662936
269510237660890489
929592582678248214
126840378921643766
126423292865295462
493470704860090928
335814340805829012
440914438170068337
519193723998608775
475944060204163250
55668367328601205
543430522620604365
989697997839744849
298082755914575658
794649003954433902
887018003696908956
291985097386625228
147693116037065577
357163732758402980
678098316661254188
118913349631064921
957184248081522061
899031023004602572
331238986033113272
426363261137638427
8820182951569593
456092929384421916
913012795347284502
962742500805570297
655516208961916956
737351099103090987
19883871193070737
551190766324231289
692857955359830260
707502570240100648
417415006095931959
341456543562444105
274183344614045003
85236468494869138
190887154438749816
521844264507556098
903924185797328136
977835537419659328
210416876362104571
50623316022269467
278331744919661661
410198297704760548
25765266637953746
73898831695184665
719321014055999107
840841675119480321
518893001538548207
504323540957510155
570623884141294131
234272508062819298
633464203582194280
889036561999230699
592332060812221179
903546831790960236
344144396901463040
794800168555676364
323424044050519616
929694615390771376
473623458439316228
426827162095782493
183502947871826150
981620898684282788
608678240455369417
355221213170527242
244444570596205690
927663520893396093
277512766786452770
640818495503633975
282090494766172169
84579266381566914
794116900089701313
294135884678726244
549450564137378148
926708954093725666
408621568924733038
217892979920911532
448757170712962621
603608013726802764
739150351370667342
811420385639707673
844957369741369809
224167229572225971
489225820048142821
198146566355625109
990819902482505111
32769865708137410
912165234881929940
439030731199101021
849650064778748068
503456443693600394
303648971297543515
750009281896374172
274022073517851139
42511686927772803
607465927552324054
197479020725678892
83235815270584332
892092445557771463
505641353792091643
556246497335934440
933706196898394016
985850265325274944
951228368559931718
195879594089284674
682713193966080854
327519448492253886
455603859907442523
165703910609541971
637796283109181229
474704409162767542
890182245303930438
824673291558505462
170439684256181459
161402519465639106
448789090450259105
10064679146227902
306779184111305541
382258239865677598
35392578491698937
550179858896575969
691183206998287421
524074298972284586
46572412140385087
845600348601152306
833895959150960972
140097350648824987
627711413920918253
703842587216906375
345554768539919401
317473274749696132
215673269907766284
167529637870132402
699985381980517265
536608198115598447
845216043385282481
428664807288142957
892810081353902649
751839712733417650
96514641947727348
450349457646758679
70906151299983441
195334297400536804
929051112558831317
388036748280666834
7530166007231456
627096103109238663
965733816464476258
850430565090240634
679543158760857556
388324034711226793
864117408900491290
322498493129242657
489212846274539584
4429869368687077
39585954414584161
985707235959609528
424881991010784720
367421875513547458
306624561540052460
536319692651219857
137357599776244140
4186119972096658
406019491706846935
473949946666447949
289837357621354941
903290134525026574
69146243287532546
686750272790607889
8506449114703096
817962680774283404
405095629669939724
260883768455021729
288253339123987491
206847798579721658
702996120777042483
924553970033993292
858852758310719195
183627281220759597
137400275163568734
656174233236687504
204803686550980269
827386638228475950
754307668582474923
41413115827777970
179949517422522822
98707675473567568
105049223095422122
836219915139233563
335262238747579573
72642485420151569
759372994678506651
684341616034210172
969965171181154194
853951841224701094
465174779941380021
519441513269375341
358617083816976880
861912064142536707
217687575860223057
464364222615207
532821978491988899
629915977340702276
146334244080695599
122116756546980250
191785379861969990
868080197615228901
539330097071711534
843386462537608053
499278640145377022
98797613194243642
486960018112409455
443459387368293012
127846832191086259
437754179151582246
957375243131711932
120537835631633351
928699728882180167
134762429084815840
600366241421492657
120036840888434077
513404321222231903
757811335306330663
716948128135136156
674577043721185011
557201978715373646
668927746550893511
832819074866246387
192206031760298620
545589867164239783
59399238755317423
656600245921713068
215961407613318447
106804924113342794
722372658415284119
40008938476549859
996463261204781942
214335298386987191
539163108259444682
673644828508485920
446702667018195763
304770645707162199
722169734086447169
866504498789907531
351848724076728446
367103573591438320
282017580338122750
345835143340419882
240049380231239739
568025446885774761
495787368313431336
759250412110091936
355469232756181304
108046596567558577
361534189084620337
262287144591026348
34937209521136938
250915771644061699
173856824264645993
321582485518753099
971032428832890638
262977922015319848
571671833593152810
671564759005807404
776601082814180060
69450279013053443
951336778102129061
439207741040895518
574837907133325890
499652267242559607
855260322933827067
50959347538087888
821783835978621996
74684403621771874
869109233791512107
197869926151725215
757593334802827541
537035365632804048
579760196496228078
882603701027813079
674111950702876618
238234387601566617
507513326131072660
226953703887859992
576238157846117586
863060602923299719
341642396137768147
275517013381541211
88400910370464817
416152965970257308
356432673554145821
500458736926354336
516283225833898117
575864527662753641
14192988840731833
339384997690420150
344563118442831093
90153676615412465
29083401873829576
983126656662740940
229479542228426025
482038909163110358
767159186592801934
804266739125984602
733021749236325468
649111158592380284
15838967596292868
131942206674442340
740681552250387580
980367407063533090
462654169521840568
497196982803419628
410764842788369159
994647475083580429
360667626128418289
775860514480713365
607125739253428190
249513352337067686
287447724985063059
886299851954567010
753961008676668403
206167484550682913
591488768300374535
635690573488513426
366599954831130078
656939157250737308
75697023274269285
77987982618813579
678859347070481193
341071960694109084
752980615241631583
484106795728595375
454408707646550657
522174871315282554
927574097384037204
384870812335319067
3289759173621080
179959979920544006
664570786034222295
241037390655385164
284112579412557384
409057892781854060
868553201400089300
277614545587082897
127827359503291352
690081715511350787
936189133822349707
185829296171434103
714072505347654767
850763053583688656
254642707741277705
903936497348297328
76379216343337836
810324299017476688
638218678749129875
992831352156621393
954084051122052583
149724641146748109
458657099184909803
283067119623618645
892345261649740230
756022898469402482
458986830018803979
890555788207565640
57836532296112636
3696129849106417
566371704196209286
82127606645046696
307580759865715558
625782725422937752
907520068104411685
343981766189975937
911899677088562605
498017399497371831
300071588579400663
376726933382284969
576769917077775665
987049868445298764
368962816562291959
112982805668988501
154419522326484033
240701592267228491
785148351885665640
904718073032078950
510661985081699111
492309090673245276
603341560269085969
4838078422909261
20025539522381994
512160002294556764
138610984182478484
716715608755721176
68221368272882503
894802074921162311
774863234510163236
223200802412119406
977407356164669517
755848664295926470
155721744420995240
349469537008640229
376920056265036894
874881776819681524
10731005304078566
426106765618703507
366987102035948722
226101616117169196
466580850241524232
893467494042112956
641882891304269549
445072360315114003
469973586317659710
725139310987179672
554289266419800739
268429405272843340
330923029395266527
461420666205577238
82849246980662124
818000203076662978
53891243350514295
548483171807839058
220642808453187893
348362066480345908
856303377248876580
332195295197461269
156780664220935910
390587441958261203
117367028724094597
447282118710424166
425382088019466274
327935831370877024
230376754085298162
926341938536287375
621768829725550841
438737873562899176
573660940479944441
42061667282768700
393363962477246749
868887421684598773
257332149861744594
978506688583048381
182190493860793261
378934121079401062
611846051026445979
258038299878853202
444396479200759999
624792025620197878
851494912814149789
228439882704146041
155599943949181273
949191661625151903
344595667287210778
612317867218567174
503533145980340121
726223233243151450
891618439673862399
434445213389657105
420167602032247675
131966652803581999
788412160479686043
955217333945564834
635131379960439138
779585025975712114
449874760089775142
33976807240330099
312551203146582664
261408700357745006
971160847047853656
669828479895364410
454571763214514165
973796492320606514
513338603339166498
893232953324388698
288590868738256570
94791120627859556
981421435953983355
155887822896008902
932309587480787934
520517010625110087
695026947574659620
294382348668547636
130139830949584190
352333816328355996
717425721665581585
6380728888978284
7981638986596065
498745917326396743
966327866684270888
828835347534842160
3914834093587260
97195244640390191
696794269128299181
468684433375456807
391498692338943059
660238256368975275
288787374891233712
33256102091328738
158301964218681407
900591393063794594
90062604924076977
789487874488118586
887302037415101850
188177594529503704
792164896955410540
903287051315042273
96304866879096964
634909093836527679
17445857939049822
449874129734298929
668504429443649638
231134294634559748
168540979651158085
769898781865146114
