1000
211857930
585494002
372105689
844650899
976357155
894624243
266453887
433321776
780605497
673352837
211193680
264099464
567128896
75804676
648285935
889661085
774190706
957220414
163882510
235080018
764352990
735332608
163047976
468139957
617369066
916535189
773339808
717077380
424464085
29950726
115824817
616934425
214512437
224950339
812284357
96730157
734895764
43306308
174983726
856249507
201309698
807069083
177127775
132273134
166722028
52526543
797861418
166979075
541614694
370217318
441603370
698314627
208480812
300311171
486981693
183195374
726522436
945712556
65539997
521449452
290806596
448336056
507993485
398022811
757585999
367208124
9119523
479383366
961717473
726267495
278314096
333260331
832086899
547635397
610102739
595640055
243729697
544954740
522407535
633119024
44010489
672150135
552010513
333549326
475663853
574751391
234546798
777398380
26880696
266743421
165994174
858530269
510714809
168665163
211618120
640048133
15877416
489604504
340512260
891438706
398523176
422845640
312153815
517434145
998412483
574945343
252307197
354329552
123742084
393153796
462164940
885800513
167544893
838625074
605666721
870322060
96505229
722887754
644864446
93740036
591158103
775485298
67817268
658264716
527953712
748947628
922558303
306383234
506748423
935380568
182886295
742609131
675067930
204260138
103654412
347385428
930362305
970336345
792178596
260452621
767026994
683285616
354643615
15517498
24113202
530363108
135586237
1331330
520680533
62926185
137043113
342850240
420719641
882975258
803861897
930230927
23175417
73947779
204030258
33427362
716041601
243534794
215694119
959246334
324833508
146640831
867284512
609291718
209949729
892432387
762686407
473089684
476255517
341641696
606587721
474899406
324307269
415133228
660727130
207274904
443417685
154101369
496114078
866038289
428734318
774141559
550099844
504028560
304321185
434512114
814096032
750508565
940912590
883872501
585478045
270814127
214793759
179379800
989017661
650853545
924209136
12013419
569231289
211736586
748284764
230514746
521638303
837823657
714008268
894557467
273531204
974505621
3154890
480960118
720629797
816882608
997506992
54447522
226786920
152766963
842393825
555028635
589220895
715933791
914872015
887599666
728272733
809294445
189628473
93153213
994527792
521012650
547208283
778436508
449954827
328965119
636460662
150627449
201599610
525501043
641246339
716384989
661377006
795298003
458228589
750889954
726355705
626717188
488332883
403475081
219783218
170256617
637422840
527627970
203972374
18002097
192962362
911803008
284032636
168068343
428538720
923762986
630428326
546191561
126504878
390228638
51245886
406055640
561044095
948052877
700877693
274170838
101209952
713453929
391450341
622147141
709784897
873313439
630736650
323426562
327653833
106785330
541124518
461000036
313371335
741259985
17692911
870875127
389734195
578222455
737541083
84508032
414802716
149952567
155573468
531918662
714855099
873528329
682698755
460224947
222399091
543095242
241317376
277083021
805542297
229575061
155153303
774821345
297272638
377517007
192864397
207533929
477259079
126720802
361257796
827846132
286213997
653625226
446772243
881306835
400522389
976481964
353184297
969103219
580448655
5932037
560221852
990390458
624211225
591692212
735507223
624537791
65852148
387960424
586210830
581262390
658890368
882064724
365845150
100804631
785359411
212916382
234658337
680632419
168860051
630934376
450143767
142775387
415480586
178511353
605422424
730883946
981083078
175040857
634620697
980565436
391438716
972611172
514858490
299244053
102695171
604975636
909037447
559261586
211598125
466888532
814118477
787338848
454803989
55657356
790628733
550454496
411324695
622903747
170519776
40633915
6618867
502187679
846314148
716044172
279921734
501672595
511108583
513290709
535899797
133923900
488083723
656056455
717742794
795243339
603815056
351809721
29755137
76365583
778576176
324102320
362783304
187812426
956385158
682653697
865223288
477451920
684683524
373368791
613174960
225224571
917163926
864692541
579184426
788036041
977131904
447248627
14133157
755941867
232282108
929133860
203815278
137479649
124911479
21113625
542336617
413765214
367269868
35402150
362775019
43247508
174158798
752640085
981410829
702703578
4919414
970603168
104654011
141608201
818669544
539189106
834912826
215503813
657742844
785755578
239785801
396370325
602651339
311026020
994728383
102092095
48626899
845382768
988827978
979530817
158332845
989895075
89091822
471738649
639477645
292003177
644952164
565992159
767259710
770522286
3966709
462626320
135619808
221650355
308748716
78438082
93672233
306622607
550237550
171265945
370602071
465529160
533666787
42806367
822918743
749297074
658225815
320293155
456963476
355775065
478891146
68119517
445767430
131749615
870477769
21606673
299524576
821056387
532147658
102355339
277480659
142779524
558029986
545903001
808567945
931313687
838705924
465251108
355364809
434240412
840564083
796224212
979486944
358095669
489176277
188975528
752341060
770492863
590953449
5809275
220030986
966871980
551256818
376901979
715041258
675047923
642573601
708019401
1162865
844606532
242572838
310029053
784813368
950160911
309232666
672354219
535828388
312035905
526608707
426989725
928584259
930245977
111570058
910598744
834020030
436532985
545767729
617314931
936656708
342505800
875789018
229327792
844848679
547819282
228173402
266028980
71591586
556671160
329555701
747603285
386258542
704682778
136409459
446359502
578347183
803442594
372454954
630100616
15940205
920485242
912085174
318519149
888938361
404250987
287929711
411025345
25704252
299474000
409620907
911682021
580731533
9317751
903027986
483029720
84625249
387705069
832117861
607135685
549675368
946807215
250560379
556184913
215920043
906898576
809233360
491778535
980871321
312384214
603034163
619536885
359266190
373475312
604305612
163006188
6851735
354687286
442425192
151165434
912531214
224278909
791921670
315214814
482081683
722981167
607565361
346791806
886561982
495465855
527978220
380436363
3636614
638849483
66813849
137994592
383485546
773480333
461124123
719367367
777478294
709653911
275029986
411498132
393403921
736285371
824476024
940922846
414089978
543077170
879785259
608788903
888244027
972486611
175777618
642302632
845229512
127897684
452120314
791964021
282494181
648564468
272005588
817340565
841664265
637403139
374020732
562473017
786088573
849305756
624390965
678303074
913086362
199359286
12909457
246376632
908331689
559072951
739709663
946232074
372672349
330612073
457794558
72917386
391955560
713129840
313637297
458392829
622955561
341941082
985729749
646210112
656780425
546213908
470962797
906854164
258712435
870969407
333985430
930305514
335396764
230229345
382830651
407775731
623669189
846508507
14684540
867840815
771728652
244338604
325093475
341333231
326493190
500813735
683510900
375850401
822607166
842156073
817802368
898448127
406997652
261488121
661050609
399110720
61902052
37360614
215538013
745512947
521781423
214074758
705546520
573803127
106972695
511943492
888085652
801348754
590923092
48117366
75551198
999024984
109844408
791216765
808907046
654122934
575898109
849456850
135428244
980249955
192728409
670138156
434933272
813627340
366270628
425259757
750563755
365538334
540850234
354921595
108229065
909243111
302719675
924134259
66479722
927699829
119812590
968441812
84177785
659574950
299860498
776128781
985879980
898873896
556616675
150508251
137867094
721847942
880514293
876078310
625305132
963206393
885888640
389978529
604411210
944399163
946798717
516383792
4174371
405623404
186767952
380022879
317194410
482402495
34495489
369585410
132876285
894507437
711398607
255181267
110745201
993751233
520679958
117934143
188314447
277371466
998504247
148852870
638364554
325951576
325569878
538998931
24402739
813493360
996965086
958017276
212230549
805407726
353490106
306611273
510563050
844715735
802913175
540428100
416367456
936317813
847161811
275475488
345267845
361641432
281067084
105821466
825781024
571594015
358044482
748384641
273829999
840332616
160113545
92677490
41102886
421339681
706639885
916383378
42796397
834717514
374356017
925525248
111366294
813513210
946831673
50385091
619733183
3280569
9030297
176784609
314205920
783943125
676534475
49800397
688712580
560657445
829088505
379676204
776859135
951672693
13393521
546040846
40595281
271175179
596493643
852035228
440887018
605126623
462722035
602557542
355412822
476209088
647026929
776880903
703510289
968445359
280057449
718967534
298902758
575904523
187371322
322511991
395779751
640024191
353896697
587145672
643999744
273086847
203157362
66016690
630610010
674199297
490473817
248980008
413442097
300173273
476951838
539595425
729132888
896251538
707905047
74696460
518397170
123835672
135849539
967441536
684236351
46404941
342074630
244870301
913596064
332273851
873309
248473934
382071980
808973153
643543808
427838662
396543144
564004957
898341647
454948644
542588179
836782675
327629025
965822875
796327725
673151807
579733677
593508038
518821303
445110501
887070124
7435169
640936928
334638878
654239465
691626067
749509167
500237562
630167626
850558053
745437482
767759345
553147251
267989858
335188212
836331585
833656020
751990473
414033311
232400784
702675496
288269856
780266573
900982166
813605507
857320646
410574825
222292682
418245547
457763168
975787404
403224291
350327611
456656487
571781601
347921890
851370391
655629114
673608625
995072562
371342013
233221990
465047395
834925183
928877335
21209813
307816332
363221227
828519136
709792049
543812085
416428647
209878346
633087219
977152403
536507801
167802063
838453721
454600473
153318547
877100163
608658653
592766108
428756784
341683223
656071489
504374366
91414210
235264900
965351431
856136555
725496380
694167372
573900248
467152832
493954966
59709130
562362135
752018763
766750128
245379117
713670632
25116068
515180579
918272360
181271966