0
1
1
0
1
2
2
1
0
0
2
1
0
0
0
0
0
0
0
0
0
1
0
1
0
1
0
1
1
0
1
1
0
1
1
0
0
2
2
0
0
2
2
1
0
2
1
0
0
0
2
1
0
0
3
2
1
0
1
0
1
2
0
0
0
0
1
2
3
0
3
0
0
1
2
3
4
3
2
0
0
1
2
3
4
5
4
3
2
0
9
8
7
6
5
4
3
2
0
0
1
2
3
4
5
6
7
2
0
0
7
6
5
4
3
1
0
0
0
0
0
1
2
3
4
5
1
5
1
0
3
2
0
1
0
0
1
0
0
0
0
0
0
0
1
2
3
4
0
0
1
0
0
0
1
0
0
0
0
0
0
0
0
2
1
0
0
0
0
0
1
0
0
4
3
2
1
0
0
0
0
3
2
1
0
0
0
0
0
0
2
1
0
0
0
0
1
2
3
4
5
6
7
8
9
6
6
4
4
0
8
7
6
5
4
0
0
0
0
0
0
1
0
1
0
1
2
3
4
5
6
7
7
7
7
2
6
2
4
0
0
0
0
0
0
0
0
0
0
0
0
0
1
0
1
0
1
2
3
4
5
6
2
3
0
0
2
2
3
0
0
0
0
2
2
0
0
0
0
0
0
1
0
1
0
1
0
1
0
1
2
3
4
5
6
7
8
9
10
5
12
13
12
5
10
5
2
7
2
0
4
3
2
0
0
0
0
0
0
0
0
0
1
0
1
2
3
4
5
6
7
8
9
10
11
7
7
10
9
1
2
2
2
2
0
1
0
0
0
0
0
0
0
0
0
1
0
0
1
0
0
1
2
3
4
5
6
7
7
4
5
2
1
6
5
4
2
1
0
0
0
3
2
0
1
2
0
1
2
0
1
2
0
1
2
0
1
2
1
0
1
2
3
4
5
6
7
8
9
10
11
12
13
12
12
8
12
8
10
2
8
2
2
2
2
0
0
1
0
0
0
0
0
0
1
0
0
1
2
0
0
1
2
3
4
5
6
7
8
9
10
11
12
8
10
8
5
6
4
0
2
1
0
1
0
0
1
0
0
0
1
0
1
2
1
0
1
2
1
0
1
2
1
0
1
2
3
4
5
6
7
8
9
10
11
12
13
14
15
10
13
12
11
10
5
8
7
6
5
0
3
2
0
0
0
1
0
0
0
0
1
0
0
0
0
1
0
1
0
1
2
3
4
5
6
7
8
9
10
11
12
13
14
15
11
14
13
12
7
4
8
6
5
0
0
1
0
0
0
0
0
1
0
0
0
0
1
1
0
0
0
1
2
2
1
0
1
2
3
4
5
6
7
8
9
10
11
12
13
14
15
16
15
10
12
11
10
6
8
4
6
5
4
0
2
1
0
0
0
0
0
0
0
0
0
0
0
0
0
0
0
1
0
1
0
1
2
3
4
5
6
7
8
9
10
11
12
13
14
15
16
16
15
11
11
12
11
7
7
4
6
5
4
0
2
1
0
0
1
0
2
1
0
0
1
2
2
1
0
0
1
2
3
2
1
0
1
2
3
4
5
6
7
8
9
10
11
12
13
14
15
16
13
14
13
10
11
10
9
6
7
6
3
4
3
0
1
0
1
0
0
0
0
0
0
1
0
0
1
0
1
0
0
1
0
1
0
1
0
1
2
3
4
5
6
7
8
9
10
11
12
13
14
15
16
15
15
15
14
11
12
11
8
8
8
5
5
4
3
0
1
0
0
1
0
0
2
1
0
0
1
0
0
2
1
0
0
1
2
0
3
2
1
0
1
2
3
4
5
6
7
8
9
10
11
12
13
14
15
16
16
14
14
12
12
11
10
9
8
6
6
4
4
2
2
1
0
1
2
0
0
0
0
0
0
0
0
0
0
0
0
0
0
0
1
0
0
1
2
0
0
1
2
3
4
5
6
7
8
9
10
11
12
13
14
15
16
17
17
15
15
13
13
11
10
9
8
7
6
4
4
2
1
0
0
1
2
3
4
0
0
0
0
1
2
3
4
3
2
0
0
1
2
3
4
4
3
2
1
0
1
2
3
4
5
6
7
8
9
10
11
12
13
14
15
16
17
16
15
14
13
12
11
10
9
8
7
6
5
4
3
2
1
0
1
1
0
0
0
0
0
0
0
1
0
0
0
1
0
0
0
0
1
0
0
1
2
3
2
0
0
1
2
3
4
5
6
7
8
9
10
11
12
13
14
15
16
17
18
19
20
21
22
23
24
25
26
27
26
15
30
31
31
30
29
28
27
26
14