9905
780
1589
7043
17827
16143
13558
15920
17776
2236
14382
4463
22300
7148
23414
11156
15730
1280
8669
9794
3596
919
615
19785
4316
20113
646
16096
19500
2976
4173
8181
7121
10335
22620
2932
2090
3232
3742
15110
10354
2171
1681
133
2284
6943
24902
991
17813
1237
15174
18822
3884
16930
14904
824
4320
27052
5201
12227
1787
2196
13009
19563
15423
12420
850
7632
26644
18894
8369
15306
4790
18185
12739
12754
4820
12404
10799
7193
533
7320
4496
12157
12223
1264
2403
7517
3505
9197
3255
18307
8
2994
2911
8732
2785
375
925
1716
1807
8671
4385
8136
21094
859
5741
13397
1267
4212
936
23869
2216
1393
14621
13059
5720
22990
9210
1061
12466
25782
2043
16909
11183
5034
21546
6757
3302
461
12257
7843
3606
1105
1651
10384
9672
13845
18693
14682
13969
13960
589
1777
4702
17771
3501
367
19409
6277
10713
7984
18520
5940
25993
19046
821
4978
2378
4140
2459
12417
13823
18423
4979
11245
17963
8111
10344
23462
12258
16290
12188
16537
80
8142
16788
7381
19872
1295
20436
6003
16971
27727
4094
22230
9728
18816
6823
1896
21008
22540
18314
375
16740
14191
4550
7351
21913
8575
11638
263
20565
4985
11236
8720
18382
10632
3548
9186
7296
4532
714
8616
24201
9047
21103
2098
13439
2610
1249
2154
6154
3231
8967
23156
25412
5741
11941
7864
8496
13604
22619
26508
5883
14350
8678
920
11964
8717
7970
19764
12917
1602
11753
20350
675
16032
11279
12463
2593
6313
11831
7070
3123
928
2481
4592
9027
3047
7319
28537
16662
12053
9869
8122
5368
7140
17499
28777
5017
3474
6352
23565
4116
6087
11240
7241
23654
2306
7632
6201
3874
3786
10531
4909
2475
23970
12342
12339
15858
3192
11949
11922
2237
16693
12046
28783
25859
6235
1522
18826
12220
6271
4373
8016
1367
21527
13899
7872
12120
1093
11363
753
8229
18148
4703
4870
503
11110
2220
18010
7448
26319
23970
2032
291
29558
10969
13386
12823
12267
1053
11358
10089
18509
7166
25251
3021
3031
14835
10055
13400
3478
9950
20452
17298
3191
13897
4944
16399
7252
15394
7957
16145
1133
7482
17770
22390
11321
2758
12420
14947
13588
12009
17107
13587
24728
5713
5756
6809
10930
5734
1983
8412
6039
1437
20396
27867
91
4600
2191
13055
3600
22676
10402
16902
20520
14862
3339
17249
15301
1861
4515
1208
5670
4880
12810
29533
18663
18912
14254
23968
9514
18316
14522
17272
20268
12070
1119
6823
10723
3076
21831
5949
18437
11102
4024
8503
382
5673
8933
10972
328
13169
3732
1987
15729
29900
23479
83
30830
1111
1775
23000
20706
8172
1413
25528
18617
576
2044
2042
2455
19862
1279
4170
27143
22911
28608
956
25267
2872
19727
5272
3433
4625
19495
25109
15722
1328
10740
9481
2168
8675
8342
8549
12496
6701
3597
1070
5384
10586
4457
25199
15945
4497
9427
12626
21
18283
7508
8661
5131
8222
2769
7646
4671
15034
1650
8281
923
16118
20197
18720
26398
24324
13771
4608
18168
28019
25123
15238
15740
14588
4454
8957
13674
22624
1175
13097
27018
6599
1390
13658
16374
1800
19453
781
6688
7763
12584
26832
19687
441
10660
1491
16293
1973
11144
19443
3996
6889
7768
23389
15536
15294
8758
9290
3224
15791
12917
16323
21527
12377
12880
3065
5652
11988
18321
18133
7313
10418
9373
7192
3569
3553
9770
3817
30321
15200
3740
4136
227
16687
9711
627
10975
3786
4385
17929
3031
25486
2737
3648
8969
26145
6085
7343
14315
3138
20116
6407
14622
1551
3559
8413
13938
12062
24785
12074
18943
18259
9899
2165
5397
3947
1570
7950
1640
5789
10298
15747
16623
7818
12922
11357
2774
10237
8638
14
23858
403
2583
8319
26987
8535
1326
16605
17590
930
16907
16365
22829
17747
28570
8177
754
10338
17346
25218
17587
3054
15686
9790
4203
5145
8116
14656
3596
13438
9644
26144
7849
14847
23050
15204
8666
9152
13138
19273
13125
165
12216
27605
13047
21514
7020
10655
9390
5742
2865
5217
26224
6781
4729
3880
12955
20933
17111
13935
10267
13980
1168
14766
11263
9805
5460
5805
9416
2295
18482
18460
10494
316
8134
252
10443
12575
7606
4429
5882
2164
5344
7405
4301
13959
7451
7376
13096
4892
9737
3345
4070
6252
4531
21202
8597
6676
9011
4927
7616
13924
5890
4362
4578
334
22535
6926
23849
16565
8815
5868
25825
8475
3499
9253
1387
2247
8764
7584
7100
22939
2173
8698
13674
6656
20578
5499
25714
7967
10065
2299
12561
2815
9826
16642
4900
17194
13535
12950
4427
7445
12253
27364
22466
5096
26876
7031
4948
10994
4802
5817
3616
522
3804
8396
6843
1663
14777
3360
15188
4556
18973
3023
12591
9354
11316
18834
5430
6258
15750
7446
11505
6177
4660
16031
16275
840
11097
15512
9001
3925
16650
12505
11173
16144
337
15694
5091
3431
19012
2575
15079
14284
4839
1859
878
23328
1551
2398
20784
6281
28472
10151
1612
1965
18021
15977
10579
1340
27633
10913
27164
485
8726
22741
3487
21947
848
272
993
5129
849
14375
825
17531
9761
5904
10979
10751
11892
2052
22554
5640
13090
10714
20848
13009
15822
1065
2333
14918
9404
14013
23199
12264
9014
2752
23035
6736
519
9978
13675
8515
15192
5353
4311
7615
11222
9353
1065
2513
18072
15765
3167
11208
16977
9917
8984
24884
27569
25811
4962
15346
3288
10514
17253
4589
1597
9605
10397
14985
13867
892
1765
13203
25789
8384
10806
15575
10017
20863
20229
22232
11346
17149
19182
15764
8782
16380
994
15957
15085
16507
1336
13534
5029
5381
11307
9038
372
7017
19157
16304
26081
3890
12958
5348
23024
5891
24389
7781
9216
1432
16558
14084
21910
13045
2246
14320
14401
2146
17143
25213
17891
1522
20391
2119
12492
14707
13089
1467
14436
9113
11975
1809
4158
29806
3788
10668
13863
480
4088
10290
16978
5177
11298
27322
16744
4029
3785
15432
4623
7269
412
10274
18348
11978
5484
12602
1489
10656
6531
11021
2155
2963
10312
12139
4341
2601
8339
2142
14028
13081
20572
4052
18600
551
7303