9769
7485
9932
6631
6071
9007
6788
7582
7003
2067
5491
6201
9652
7814
7279
5789
489
1482
4428
9429
6266
521
9376
9960
5692
3741
3101
7953
4936
424
7055
97
5749
4117
9898
6374
5971
4288
5049
7889
8027
6379
4106
2494
1220
2303
4899
2689
4700
2028
1111
3840
9042
9569
353
8534
4034
6722
1418
8704
6918
8800
1483
4411
6346
7765
7826
1375
8338
1418
6321
1850
2834
8707
5913
8115
7
41
1364
924
7068
1131
8981
5750
6964
8396
4294
1982
5727
7134
9328
6975
9838
5047
9299
9270
1179
4588
4996
684
7956
1671
65
7349
9092
221
9199
1688
5692
761
7226
1647
7778
1071
2755
7144
1555
3444
748
1074
1597
3860
9435
9522
6444
7106
6927
419
7349
4339
1804
4585
1292
3709
9224
522
7425
188
8742
6553
4571
6513
4265
437
9602
6812
5292
579
8564
503
2212
8564
2122
8779
1653
2093
3684
8996
9553
7438
1814
4879
2657
4644
8302
247
3613
610
13
3102
1765
9885
1584
6361
7648
9613
1884
3917
2576
8609
9551
5932
1780
9404
2224
3001
2539
3448
4653
9849
3118
9374
187
3098
7799
9065
5649
9907
4260
7936
6534
4973
4560
1008
7451
5236
2234
8488
5223
3867
288
556
4861
373
9512
2317
9014
3096
6294
7265
1326
8893
1395
3273
3823
6725
841
5635
8474
4518
5057
4095
2270
2254
8712
4031
1423
4917
7785
4040
2596
3849
8674
5787
8153
3091
4031
7472
9404
7546
6313
3324
1017
1400
8253
4112
3048
5524
1021
9667
5365
1289
7889
3680
5358
6060
8721
8057
7572
3657
4069
7618
3122
2432
5149
3534
8421
799
2183
7399
7158
8704
5915
4504
2708
939
6130
9042
7258
273
9027
3269
5032
2854
6144
3940
55
4716
4464
1436
7196
7320
5354
6027
3769
2097
1242
5847
6437
2657
9486
4085
1206
3053
8331
8826
8201
5191
2770
613
1175
3395
1753
4873
6753
4464
5556
3838
7719
1248
8503
226
8538
3314
2465
9657
9635
8116
5916
4894
1377
6111
3879
5965
8551
4942
625
304
2474
6278
9005
4010
5395
1945
6987
4015
5088
7204
1544
608
4238
4803
6320
6356
9129
5474
6675
9852
1540
3449
3376
9303
3620
6398
4696
4948
8304
7862
9712
9002
5237
5888
5660
8115
7803
9119
5864
4196
9360
9509
3991
2967
8154
9108
7847
4956
4499
4912
724
2158
3132
8736
9214
5004
4060
1315
4282
258
5858
4044
4777
1803
294
6673
3661
4709
3167
654
7252
1226
3567
8626
5974
1799
5592
7799
4286
4287
7601
5569
2153
8443
7480
2377
4761
6464
7238
1247
2836
9060
9227
2013
6364
4756
2969
8170
2172
8915
925
2698
4607
9882
9799
9706
5316
5428
6918
4707
7232
1071
3408
9722
3867
3691
9453
6473
3827
5337
4153
7275
6907
9502
1145
5520
2574
9002
1400
5376
5657
4512
9379
903
6104
3326
183
8024
1539
3489
761
713
2058
2299
7116
9695
7188
7765
2104
4485
6371
3214
4055
5922
3122
5268
5647
6082
1285
316
4155
4369
2350
4348
5075
4574
7143
8710
6900
3922
2638
1633
8829
8975
2842
513
4271
6664
2845
7301
435
6475
1773
6765
2093
9351
9686
5818
2953
276
4546
1616
82
6362
3263
9014
4660
8294
5656
1901
4760
4593
1796
5767
4701
3525
6879
4440
5955
1449
6107
7298
7705
4442
8749
9944
8446
2212
2659
4423
4175
3808
200
6992
295
4291
7066
2846
5790
6245
6470
6839
7475
2640
3312
4174
9469
1471
9643
3728
4739
6601
2364
6703
5650
1313
7712
98
331
6403
4959
3275
2366
8718
9628
2195
9643
8601
6843
6687
5244
1603
2210
5919
5915
2126
4402
4353
1552
6721
798
3315
613
6505
317
3311
4265
8250
5978
2492
1633
4698
6192
425
8273
1118
2375
8371
6452
2846
8301
8815
3046
1867
3578
5813
625
8021
3241
2991
2010
253
7072
649
7431
3283
6307
1011
3752
6052
8273
2892
1630
7936
7703
5510
9163
5474
8480
3762
4254
392
8525
8252
6796
6194
5681
2656
9095
547
1577
6702
5354
3422
8155
3502
44
4125
4788
4061
565
2826
5215
5680
709
5703
7557
9810
1524
7453
7278
9941
816
4459
2796
2672
4482
1439
6487
2513
8360
2177
8274
5960
8708
6679
6820
3743
5498
6876
851
5642
7087
3051
6900
8845
9143
1248
7118
4472
2116
2188
9572
5454
8788
6792
5943
6369
299
3073
5029
3562
8906
2201
3616
5755
2682
1286
1176
2213
6983
6903
9434
6688
2664
6719
9646
3309
1024
5315
7304
5212
7117
7353
7301
7811
417
6479
339
9844
7295
2633
5003
3670
9869
5335
8586
7006
8316
933
3864
989
5804
2849
7833
6570
4189
7264
1719
9323
7267
1306
1757
8973
7831
595
310
2454
3723
1286
2883
9610
860
8914
177
403
6089
4005
3592
4405
2322
8037
4576
7626
651
4745
3736
3298
647
4462
7938
3382
7495
5193
3674
4514
530
4135
1634
719
8332
2592
417
2698
1836
8859
9929
5750
1498
5336
698
7843
3164
8525
2149
401
991
4156
6822
9086
7043
5007
5886
6545
9630
8381
4563
7189
5385
455
4451
4872
1498
5754
119
290
4291
6175
2769
3652
5557
9217
3567
9791
6013
2258
8534
7505
49
7274
2680
3965
6198
1241
3369
398
9112
5935
6348
546
4529
1011
7689
6553
667
9722
5639
4042
405
162
6071
9470
345
4417
5609
6974
6086
3605
1307
6837
2984
1247
2362
6633
2923
444
8634
629
4537
8429
2143
8374
2088
1950
2243
2187
3090
2794
6833
9036
152
8218
9728
7553
2023
6000
6496
5125
8034
5708
5079
5576
2731
1276
6394
6711
2899
7681
6117
5053
2073
842
2934
8709
6070
4933
7862
5911
7989
6378
311
2562
2972
3464
1600
2806
2231
8664
1821
6568
1323
5259
8931
4343
2701
9765
2146
4376
1619
6726
5621
9218
7138
3758
2795
2592
392
9652
1430
9454
1916
9471
554
3555
8334
7249
341
4732
9050
9552
9415
932
6675
9785
8308
5403
2590
1252
6717
9533
9246
1109
796
9312
5794
7430
5986
5455
9978
7043
6451
8806
3323
1775
2304
2713
7193
1599
5615
5119
7575
3949
8258
7889
5936
7042
2882
5765
433
6095
4526
6107
2651
7919
6046
2660
3071
3855
4435
1694
6056
3599
8454
3617
2572
6147
233
3821
3319
5713
789
4060
1892
1638
5508
5319
675
4798
2109
4648
4504
1490
5604
2809
6364
4556
5011
6675
1501
5901
5480
9525
4907
5478
7479
3741
6373
5203
7643
6696
1633
8203
9103
5438
6052
3772
482
7373
4809
4756
7701
966
4687
762
7753
6902
1672
2961
5388
7307
5780
6575
6259
327
4407
5486
2243
4517
9401
1122
4031
8123
374
6296
5142
828
9044
7980
1305
5277
6057
4938
9763
913
3738
5328
8681
5770
2627
2566
1218
3467
981
6527
990
738
6875
1998
490
5180
3045
6023
1705
4146
2450
2462
4503
2531
9130
355
8922
3191
2199
4322
4237
8523
6326
1883
3317
9045
4265
4056
9554
9797
7275
2597
2170
9911
7931
2262
1756
1957
3633
5170
2985
2297
3131
7078
3032
8763
3365
6022
3166
7763
757
7855
7461
5066
4262
7340
2137
987
9917
7939
6509
6080
7561
2628
295
8733
7570
2288
9655
6863
4345
6586
661
6405
2642
6193
951
4702
2763
6143
3840
8906
8417
9550
7049
4768
4396
4779
1295
9666
1270
894
3315
4948
8689
3223
4109
6168
810
7810
5824
4918
9029
1177
8348
2546
8124
6937
345
7677
6239
6752
4291
8744
8551
6278
415
7764
1365
2288
9176
8764
3562
8915
1954
8402
4167
6725
2024
6592
315
7740
8498
4566
1031
9318
7585
3160
2983
3899
2316
191
2197
1295
4301
3598
9484
5588
597
9617
9
7888
714
3743
7415
5115
1113
8606
6125
1005
4333
9030
1075
2105
9784
5506
1122
6668
8800
198
8897
582
2129
7780
5798
4654
213
5677
3762
7044
6335
8046
286
8323
3457
2584
6501
6799
8096
4370
2656
8608
4086
2410
6453
932
7358
6343
6353
6252
2967
5371
9704
758
4270
7537
1267
1654
4551
4553
6298
2183
3978
4534
7206
3546
156
8410
7175
8652
2251
8906
9938
5981
9092
5697
3403
1281
7431
1494
2640
3190
5202
2911
8475
6871
195
7848
9946
6698
5297
2737
521
7180
1206
3470
9183
8196
5253
999
4783
3731
5613
1565
3768
8762
9870
2794
671
9682
986
2829
5396
511
4160
3710
2002
8090
8797
9127
5441
1077
4749
4096
5145
624
3825
4413
5060
9096
4218
1545
9928
8727
4966
132
888
7784
3186
9799
1610
7077
3972
452
9436
2947
2491
8452
9521
1508
4478
7864
2799
6817
8914
279
8071
7355
3012
3257
2970
9683
1700
3093
7260
1081
6021
622
7097
2138
2893
4282
4292
1075
4880
2556
3169
4974
5351
7071
2333
4193
4060
2284
6078
6563
3782
3917
9193
4561
8841
3489
1641
4573
8759
9912
1747
6892
6195
9168
5003
710
7404
2449
5140
3341
6791
9800
3629
7136
1204
4888
4780
4788
4927
843
3256
8508
6595
5722
6735
5067
3421
6352
8402
6476
6787
7388
5893
1485
5582
6793
577
8008
7198
8316
412
9223
4771
7465
7619
4451
2477
8492
5819
9633
2261
5424
5378
4525
3355
2726
2751
2730
1928
3619
3906
8259
3005
9815
2297
7560
8451
7816
6930
4662
8109
5885
8049
7349
6713
9275
9124
6186
7766
390
8652
480
7651
2690
1089
1720
8991
2854
5418
4783
8849
5798
7694
4488
6093
9949
2696
6259
10000
7391
8293
6584
7645
5190
9099
56
3804
2555
2691
9552
4546
5194
2355
4929
2775
4801
7678
1216
2074
1482
5016
6757
4211
6900
6154
6286
6441
7312
138
9316
4678
3148
7380
2910
2576
1198
2847
567
6427
9644
7264
7397
4376
7130
4611
9221
8618
1514
8973
4596
643
9667
7277
4532
8470
4580
2537
9637
3367
2988
7057
6656
7825
9759
8109
332
8006
1523
5396
6757
4701
6831
9679
35
9722
9265
9455
3221
3481
2670
8485
6405
72
1742
5198
6509
3349
435
1152
6660
3480
9475
8174
72
935
2222
9347
6790
5932
4985
4382
2305
9369
9363
4807
9763
9591
5444
8201
5945
3319
3665
1712
6058
2943
7762
7468
195
3887
5460
106
2804
6571
2116
7021
5141
4967
8468
7754
4796
280
5008
6580
2782
6384
3929
2988
4703
5209
1456
5251
5678
9064
8269
8447
9998
3309
4716
8931
5423
8049
9852
9966
5294
6314
5975
6629
6064
408
1689
3376
178
4185
1307
3806
7378
7098
8915
7275
1568
8916
3239
3159
844
4099
6884
9318
6122
7120
4344
1987
785
4889
3968
9679
8546
5981
7079
3089
1056
1407
8704
187
1398
8595
5061
323
5069
729
855
6133
8521
5277
8987
9916
6829
2492
8307
9563
1207
5160
4149
297
8618
3769
1460
6071
1234
6522
8185
4499
2197
7725
706
8689
5558
6355
8880
6614
6288
5872
9481
5046
3946
8500
2576
8141
2549
8204
203
8084
5359
3506
3034
3205
9804
6065
4269
9131
9260
1466
6144
8650
9386
5017
7222
3053
7798
5805
1739
2279
8241
2988
2047
497
498
953
1054
5893
17
6095
2307
2572
6814
4161
7433
6322
5261
2736
9496
9730
6160
1165
5204
9511
6659
1285
5377
7546
4112
2272
622
8393
8977
6206
4315
9752
4362
4250
2627
5086
1189
3339
5812
5001
611
1262
4741
3635
1698
3249
8209
9271
3285
4885
124
286
9338
6703
5041
1683
763
9585
4577
5408
3260
1804
9175
893
1217
5063
2885
2965
6161
6716
4749
1596
4648
6888
2002
1863
7110
7952
3654
7700
6387
969
1385
8854
9197
8838
2634
7895
5961
1500
6692
9626
7700
7516
9383
956
1677
2826
5453
6036
5632
9742
7048
1807
8987
9524
5864
8086
3420
6673
6717
9801
4496
155
1820
4125
494
8420
7053
57
105
4388
1553
6919
7701
451
6234
9503
6166
6849
9949
3339
7951
474
3342
9111
7785
4677
7643
1099
78
7836
2230
5483
9866
5085
9855
8564
2482
5822
4239
2556
3661
6029
4454
475
3513
8480
3880
9574
9424
8084
5088
4169
732
5050
7281
1591
8900
5779
9027
1527
8847
1023
4089
6576
9362
3620
7530
2070
6263
3284
6230
6883
6183
53
2011
6091
5585
8833
7019
9796
4570
1141
7472
3099
9158
4853
121
815
8637
3746
4654
7765
2082
5834
5546
9538
4190
7887
9035
3501
6306
6847
5477
8115
6012
4670
6435
5395
5659
9297
4233
1445
709
7733
8824
2940
3338
6202
2094
4875
1885
2235
9866
46
6088
3118
2016
3895
5839
8173
4633
931
9746
2777
538
6537
862
3290
2607
3188
6417
7480
6967
3585
4167
7260
8446
8833
1646
366
1602
4872
46
4652
7696
3992
4792
5776
81
9657
7703
5889
6055
6229
3078
1601
6560
4976
8402
7895
3426
9428
1968
9632
6796
4317
8730
1662
5973
7976
1000
3152
6663
8321
3072
8278
5585
3015
3036
882
3790
5022
2440
5632
2177
6189
1227
3836
2207
9144
7450
6784
9614
3025
6585
4341
4561
316
6347
7996
9441
1740
949
1750
2811
4482
9876
8571
4576
2837
8131
3408
7225
7078
6930
7612
8046
3343
6986
4007
8496
4231
7669
6152
1666
2183
1967
5323
5521
9767
678
6251
21
4213
7940
8762
8823
346
4859
8221
2535
4868
5831
3444
8325
2941
7731
8684
2776
2085
9301
5897
6179
9876
8804
2277
9077
8135
6358
248
8487
3305
5755
6064
8254
6693
245
5143
8955
2386
200
2888
721
6212
7676
9018
4085
9431
7598
3592
876
4164
1625
6963
2137
1514
6131
593
5945
5207
7456
9725
9112
7406
8692
97
9705
1671
2690
4907
4797
9793
8130
3073
1044
94
9763
4607
2204
2623
8935
2439
7488
3792
1846
7573
4014
5902
708
5938
3085
8193
3108
4534
1269
7397
3595
4090
7417
3207
4936
3806
9882
8329
197
1657
1908
4451
7460
2418
9806
3642
8015
6160
9427
6963
908
6650
183
3454
1064
1232
8141
8610
1464
8784
6444
750
7242
2154
8417
4511
9599
7190
7055
6107
5601
8108
9026
6298
1975
4593
4469
8833
1651
8725
2682
9078
1220
2309
6465
6832
8100
2072
611
7673
1397
7568
1529
5201
2015
8766
5043
3369
6612
2813
3410
4967
9152
4642
7262
957
4313
5447
907
3491
7335
870
9346
5834
4424
8064
1159
3259
5647
8917
9721
3077
7199
5462
9617
3259
6499
2672
3897
3435
3286
268
1617
4667
3608
1081
5834
2496
1496
9226
1775
756
2961
4101
6052
1473
7772
9377
4303
7435
577
1555
4832
3621
2012
43
9843
6875
7098
911
5234
580
4371
9893
2392
2497
4081
3070
490
5581
5865
5468
6055
1450
7778
4868
7511
1957
9489
1773
7510
9048
2610
4891
5485
6718
9297
5606
2263
925
884
4032
6758
9651
8394
9688
5815
5882
1711
6703
1813
750
6642
9077
4883
1083
2021
6262
1475
9015
2885
4478
5613
9998
4524
1515
1081
1117
145
5607
184
6368
4348
4910
9293
3060
4849
6195
7337
1742
6000
5524
6470
2381
4539
5711
8879
2031
873
3963
1073
996
9204
274
1447
8878
9812
1194
5894
1721
3476
7219
3948
3220
1026
9510
3220
654
988
2247
869
6297
3310
9495
709
6719
2784
1579
5024
9319
9900
3524
2218
3021
1940
2739
2705
1245
9070
2758
7585
6674
5811
6305
9582
8736
1280
6776
1950
8383
9758
41
6234
984
8055
1003
9546
4995
4759
8462
1779
1834
7950
1512
5837
9890
3746
2168
4224
5690
6380
5285
8210
8423
7165
2277
6343
1237
815
6615
6534
5923
9066
1547
5216
8950
3550
2649
1390
9895
4898
7175
7546
2367
7133
4832
781
7923
4325
2723
4486
5459
986
5612
9757
9531
2153
8552
5499
5885
3102
2330
4143
5036
3045
6619
1809
8545
5701
5708
7587
9618
2235
725
8226
2282
3762
6217
7411
6893
2006
6630
351
1136
1111
6140
9727
3600
3495
7977
5993
6426
7011
7443
569
2352
5662
103
6884
8479
3496
1633
8384
1879
76
2024
207
4684
5708
6574
2745
8858
424
9653
9346
438
8776
7514
373
3667
8661
9530
5321
7225
6430
2191
15
948
3519
5699
8752
7486
7987
896
7738
1111
7844
1499
632
7961
2092
4439
3766
647
7507
937
4165
4596
8058
3055
8088
9169
4499
1828
2627
5901
5159
6626
3527
4738
8925
5318
3714
6166
621
6344
8696
9738
7775
9594
2660
8611
6085
2487
6639
7553
4111
4346
6409
4471
4258
4080
9118
6594
8969
1467
8017
2287
7372
8584
2836
4479
5827
5772
4730
701
5677
5517
6096
997
3807
6176
8938
4831
2484
6727
3377
1683
458
783
6857
1555
7237
8981
6764
65
1295
1000
2391
5962
4711
7646
7856
5739
4650
6752
1022
631
730
6328
2561
4607
6292
2710
2455
1409
143
8749
1490
5789
4703
8056
7140
24
9720
5522
3933
3679
5432
1393
4868
7883
9602
8721
2760
7826
1292
51
8282
4327
8794
6474
4855
8165
4046
9675
8812
1223
165
71
2459
6099
6558
6115
202
1446
5982
5476
7366
5390
618
4913
8584
4312
3834
7866
7968
7765
9894
2951
8288
3716
7516
8232
1702
1157
8300
9656
3045
2740
6034
2465
3502
5590
2731
9401
4909
4236
6068
8555
2916
6181
223
5122
6598
9608
7981
3491
3173
8257
3288
3681
9465
6957
7795
9035
335
4330
6586
7795
9801
4131
7795
3904
35
7850
1056
2616
9697
6264
7797
2291
1077
7930
6830
3859
3599
2285
625
2558
5276
7014
8473
4772
7798
5196
6530
1259
9814
5574
3331
26
4391
864
2851
8181
9776
2403
3688
1749
368
854
1567
2116
9746
4721
3473
4108
5628
4856
6895
4339
2085
194
9180
1022
8624
3801
6375
234
9100
1994
8606
2300
5352
713
6914
2385
7168
8182
4442
19
4622
5962
1241
9496
5341
9847
8026
600
4931
5782
9376
5140
2215
6410
936
5142
1400
7620
5667
3755
7226
6360
9277
1489
1343
3986
6922
5741
6418
549
1497
5212
1039
4743
5393
4175
7667
5489
8534
5305
8354
5641
51
1361
8328
989
7705
359
4923
9264
885
131
3754
8612
2679
2818
8753
7117
3840
5131
6689
392
147
7915
1141
9853
6002
3538
6375
1612
3713
545
3981
189
5084
4316
2127
2978
7650
7287
7245
1138
9383
6307
4588
7941
5269
2961
7989
4375
2262
1394
7489
5742
2700
4683
715
3849
8068
4271
4740
9027
8388
8346
7592
3394
5298
5635
5977
6503
9979
5052
2848
9092
5856
5788
871
9216
3256
7501
7719
6384
7397
7105
7476
7961
2493
9675
9100
284
2780
8008
295
1910
812
6604
2482
3656
3054
2267
4990
5916
9047
7554
1901
1161
9448
6479
9606
6851
3815
7589
4422
2800
6746
5844
2766
3139
8001
9543
3466
6491
1480
8031
3925
8735
9835
9429
7521
1874
883
6868
9460
5386
3901
1302
443
8626
420
2235
6293
6140
6421
7128
1998
6186
3778
3950
4965
6631
7262
4936
4645
8015
1299
172
8679
9924
7650
5009
5609
8754
1893
4526
7211
4136
960
9070
1084
1923
6786
8056
7169
8454
5225
3640
1360
1208
4367
1409
5677
6099
4968
395
9726
5691
2972
6948
1823
4819
1687
7812
4845
7926
8596
9054
9244
448
8286
5096
1251
1476
8388
3403
4566
6623
4731
146
3684
1646
4556
2124
9605
7720
8334
9804
2313
281
5158
5266
8330
5315
6879
1073
2667
9780
7492
9420
6580
3959
2429
3411
7481
7617
9044
273
5420
9349
2657
3119
9343
2144
3072
2810
5735
5097
1166
670
5509
537
3843
2462
3797
2881
5436
4488
2173
7850
8191
1416
3888
2655
4172
2478
3337
9247
7279
8363
676
4700
2273
9687
4110
4107
3923
4681
4710
4497
7370
6893
5398
765
9908
1363
4345
6676
9856
111
8059
7545
9266
4484
7997
1640
9051
8378
2471
928
7441
5011
8489
7079
5944
4808
553
1588
9327
4112
7968
5887
6290
8867
9541
788
9062
3419
2654
8708
2716
8834
1052
6912
7734
2647
3878
9894
6107
9127
7201
68
6262
2769
7772
4045
1206
1323
2975
7492
6272
5450
6084
1781
5316
6188
7779
2962
7761
5710
2664
9390
5392
4039
9291
6016
845
4129
9340
8845
4289
6430
1667
1174
1438
8606
8648
3971
47
4365
7842
871
9504
1107
7162
5073
8227
482
3296
8609
9725
7344
181
2899
7328
3855
598
4544
282
2396
7398
1982
8558
7517
2639
7975
708
7138
6646
6040
2626
8056
5380
9598
6883
4552
5
8622
9584
8948
3271
8697
4711
2459
5177
2705
1366
819
9903
7465
9883
5087
9845
6772
6280
8285
6093
1224
4926
7912
6337
7503
5675
4491
3857
7320
537
6971
9016
1972
6832
1723
9875
3218
5320
2050
2279
3467
437
8588
7743
337
8804
2337
2792
6360
1706
6629
5910
8010
1464
4057
8948
9463
4666
8092
2094
7127
217
8718
7686
1796
4621
1670
9006
1609
7131
4565
6769
8840
9224
5324
1703
3506
2230
4502
3290
6729
4548
8616
9274
5359
5888
1336
174
8445
5168
3851
3104
4863
614
5611
210
9018
7756
1882
6442
7942
8070
3888
9555
6419
3571
6647
4795
1864
6410
6390
9051
3635
7862
2055
6358
334
4503
57
4626
7662
9064
173
2047
8386
3165
5431
6115
2184
1816
9834
3417
3602
9455
3731
4870
5485
778
4209
5928
8417
5186
9927
1248
7760
1197
1008
8099
4418
6029
3256
614
7679
9771
7703
9947
8764
8286
2651
3050
4490
1965
9214
6109
6762
722
8724
6353
3662
8523
3133
9796
4233
3010
3204
1516
7531
3193
2093
24
9280
9515
9937
2287
9036
3740
5132
2456
2950
2489
7052
6385
4820
549
9264
4108
3190
874
9341
8227
3187
5024
8616
6634
212
2723
7520
6459
6400
8229
9872
6022
3442
6882
643
7744
5500
5937
9767
6125
6356
1913
7577
9885
839
3545
8347
4020
9056
3419
5359
3630
9612
3394
6742
8930
8005
4624
2838
4130
1203
2641
9242
4492
3533
4176
3668
3299
5180
6928
7365
3853
5895
3026
2119
8513
9119
3646
1298
7267
5009
5871
9019
1575
1684
4685
6470
8899
1049
6474
6855
3684
7169
821
9972
4455
6036
9152
52
1527
8262
6091
6984
8963
1647
2878
7992
9657
7919
5410
8966
5408
7918
8010
1259
1839
7876
6116
7389
4850
4994
8410
5630
3084
9605
7407
5549
4405
5870
3295
5294
473
9729
8028
2382
2270
840
1816
3328
5060
724
4182
122
7478
1682
2571
118
3928
3466
6101
4617
8648
3226
124
9230
3829
6470
6953
825
1361
3804
4541
8182
8424
556
9996
1927
9357
4292
1669
5911
3051
7352
1563
9953
5632
3025
1944
3569
139
3441
2039
497
5671
5676
1289
3710
8950
5127
8078
7860
3375
1785
2956
2436
1714
1016
7486
276
8063
755
3022
9485
6323
6659
6864
7969
8422
9354
7577
9345
7225
3968
9844
5455
1766
201
6794
9622
3010
3471
7723
6190
5441
2007
7357
7241
1632
9058
8688
6724
5604
9806
4717
3843
8946
7817
2353
3812
4358
2416
1344
1364
6002
2941
644
4775
2215
1179
5698
6321
8365
4340
8390
7720
9220
5284
2740
8214
3684
8465
8708
6531
888
1014
8902
2808
5383
2675
4259
9763
3922
4745
3771
5222
941
8415
8022
8685
268
3669
1474
8983
20
174
4938
4574
6871
3040
7658
8813
9262
4154
7439
8815
3071
1692
4572
9358
6032
715
8671
6355
4743
3334
1381
3206
6649
5822
980
6994
1713
1334
2094
7244
3849
488
2224
8183
7047
9096
1772
175
7615
761
661
2345
3149
7404
7669
1154
6598
3979
2403
4720
1762
1215
4466
2236
3959
2036
9320
7178
2782
8749
9040
3868
9248
3970
2370
8546
1067
8605
8802
8088
8288
5181
9740
252
8070
9136
6444
8340
8830
5533
2471
3154
7889
3440
3539
1759
6673
6111
6775
4157
602
2251
339
3227
6798
1174
8367
397
3053
4978
5789
9221
5345
1783
7448
5479
4185
7238
5671
6789
2485
6503
7262
5113
6366
2608
446
8480
4090
159
8039
6537
8082
7725
497
5843
9860
7225
6258
5919
9500
9059
6767
2457
8068
9496
8365
302
701
2851
4330
656
7438
1839
712
6097
6034
6218
3693
709
1806
7027
2870
5976
927
4917
4235
8836
4381
5311
7572
9225
9735
2971
4352
3878
1600
6692
7944
5546
3322
2732
5462
3322
6613
5293
4121
3216
4673
140
9891
9022
1416
2427
1506
4226
7167
9649
8202
5987
9996
4206
4509
4827
3044
3668
9057
1011
6311
3339
8734
6637
9144
4227
805
1718
2484
1510
173
3804
5445
8810
9532
633
7107
4053
8052
2118
4500
1361
1201
6911
3280
4686
4025
6983
2495
506
5696
2644
6951
1849
441
2507
6939
6338
3418
722
9551
3074
4797
2925
6752
8464
5373
6269
6177
9377
3967
9564
9998
5122
2079
2351
2250
9969
9776
9216
2082
4596
2136
369
9942
4200
3273
9576
4152
234
5142
7198
7936
4117
6230
1345
5909
6796
5563
1917
8597
141
5221
4145
8135
6660
3423
7918
4898
4002
6267
4066
1174
457
4425
308
8919
4226
1825
9232
9221
6156
1871
3890
6692
8134
5950
2638
6109
459
4634
6849
7901
8342
6504
7529
8778
3492
3194
2676
3575
7226
7095
5012
7202
6130
7013
7025
3161
50
243
4185
2098
8056
7753
1992
7243
5980
3083
5688
9405
6989
759
8505
9651
8687
6342
2094
8892
6415
626
6584
9337
2518
9098
1075
7986
7171
8493
1202
4433
6093
3088
2267
7356
4426
124
5991
9429
8181
3779
7336
4314
9236
3671
5128
5890
8382
9685
5377
5159
8898
5076
9068
701
4956
8555
1257
7092
2556
6279
4367
3124
2048
1287
9928
6102
6272
4651
9430
3819
2095
3340
6790
5340
5795
5885
555
8856
8233
5696
2101
5376
3324
4253
7181
4242
6519
3801
3637
4569
7593
8672
1537
4865
780
7002
2426
4768
7159
4350
7425
4258
1152
229
8043
444
5620
8058
512
8625
6830
1360
1546
1559
4623
3523
6636
7747
571
3936
7806
7561
6954
4913
434
1103
80
8482
4024
1672
9455
601
5550
7646
6898
5123
7221
7553
3257
5848
5807
3639
2349
1790
9687
9090
8897
972
7757
7266
209
7810
1522
846
6561
53
1492
8689
1603
7262
3160
9646
3110
9274
1205
3615
5566
3449
2415
8002
6405
7945
3312
5939
7158
18
5421
3135
1617
8307
2089
8339
5487
708
2552
6333
5717
2573
7172
8351
4299
9802
8744
8176
7638
9960
6969
9514
2471
1902
5358
9007
9650
3814
2886
9765
7814
8833
4153
8877
9654
6228
3735
8600
5754
9221
1894
5438
8864
3377
4886
7596
3064
6324
3272
3782
6826
1803
9004
5844
4362
2731
8155
3106
8708
5904
947
3515
6242
2308
5838
7048
1105
8991
5131
8714
7504
7373
4794
7118
2954
2343
5425
626
5931
6049
3225
8482
2918
2734
1089
3681
6500
7126
3965
1817
2795
8226
7034
9294
2610
5963
1913
6129
7176
4701
1210
4400
5214
3241
5436
8862
8203
9503
4309
3488
6073
7566
1695
590
9429
1485
8082
6102
6523
8858
6666
3832
471
5567
5314
305
6472
7769
5754
8773
9696
9393
8182
1341
7678
6947
8766
3484
9811
5195
5664
7223
3388
75
9357
942
7745
1723
4807
6833
2666
2452
774
740
6165
1640
7555
8333
5926
246
8774
5833
8794
5514
4803
4294
636
6797
8736
4135
8971
3983
9672
637
7627
419
2438
1979
4812
5855
1962
5261
1097
3821
5516
6887
3063
9096
161
3487
1997
517
1337
6671
4234
3960
3361
4646
9933
5060
9076
2253
6977
3379
1058
8958
4640
3907
8480
5662
4476
6369
1754
9651
2392
8345
6598
7533
9920
2342
1174
1587
3287
7657
8073
2134
7162
860
4737
2921
2153
1515
1683
1604
8266
2733
7805
4614
7702
919
654
4491
3354
5137
7658
1929
2535
9442
7913
5074
1013
1464
8990
7297
5654
3879
8273
7898
9649
4576
3402
5564
1112
600
8257
6841
7973
1695
2589
2930
1641
4705
3305
2471
9046
8985
4387
2104
4840
4126
755
5967
6019
3594
306
5724
3595
9820
8305
8578
9493
7988
8953
1403
2418
6497
2590
959
7342
9962
5525
5411
1096
3118
5568
6572
3374
2747
9006
1736
7857
4098
6770
4925
3323
8790
3225
9679
581
9859
7701
5313
1391
1841
5853
1859
3070
150
9409
8403
9092
6506
4220
9843
7899
5981
6844
6949
1106
8658
6439
2304
1935
2259
6216
7164
6836
3239
4037
9223
6532
6023
350
7171
9001
1924
8695
4278
4709
7403
477
9789
6780
5019
4338
3329
5077
180
206
5778
5906
2469
8313
879
3147
6111
809
2069
9990
4476
8710
6289
1729
3213
3519
1085
5172
4288
4376
8152
9275
142
8081
7027
4514
432
1894
2874
2392
743
9582
2858
9825
4038
2382
428
8180
2746
699
1452
6826
3661
4185
2245
2115
6345
2473
8336
6313
8653
4703
8626
4200
6152
5674
930
3765
7835
1349
3478
4270
7035
3890
2737
6589
7316
7771
1668
9198
402
3155
49
4031
216
6237
933
4972
5738
9112
3067
7761
6392
6646
7391
8629
4153
8591
6592
225
8855
7854
1176
52
7578
1081
4199
1229
7609
1748
4070
2500
4254
5355
6084
6431
9978
6518
139
5663
4197
587
9444
416
7773
8986
6266
1025
9346
446
7811
5600
4239
9508
3404
6561
3080
7327
6046
4411
7189
807
2334
7142
686
7549
845
367
3683
6334
9492
9347
9568
903
2160
3168
7977
2334
4824
742
7029
1139
529
84
2182
3296
7083
7028
303
9647
9810
4768
7848
874
1032
1627
8861
3136
8094
3649
8839
916
3327
5728
75
9388
4822
5214
6554
7931
7162
1960
1621
4415
1038
4516
9318
8080
6753
5085
9010
2362
7549
546
1403
7511
2537
9179
9409
4173
9192
4380
2734
5465
3569
5730
9308
8626
3340
9532
6358
5601
9246
9573
870
888
9917
1382
3505
4359
7619
4284
5175
8646
1784
4095
7897
4091
1880
6262
5204
3210
6253
6725
1708
3259
9928
7087
46
8275
3758
7513
8195
3607
4114
3560
7873
344
9079
3698
2931
7363
8813
3694
1257
8202
1080
4779
1327
8240
7990
1926
4833
3402
3962
2794
397
7010
5460
8484
7601
7732
15
2197
8261
3110
2445
4586
3059
2025
9074
3364
7140
7981
9277
2209
81
7270
4839
2019
8953
8957
6456
9962
8676
8556
3371
7129
6027
7792
7199
1906
8444
585
5625
7307
1602
5228
2868
4391
1057
6827
3098
1335
7913
1672
9735
7167
4645
800
9376
5979
9031
7684
3318
5479
2018
1792
5587
7554
4805
2460
3868
2520
9477
2234
9800
9057
4843
3066
1612
7445
7489
4466
4514
9627
7191
6519
9711
530
8137
9513
2956
3736
4747
6580
9785
2316
512
73
8472
4875
9913
6098
2225
3039
7729
9705
2501
3881
6811
56
1074
5503
2866
6334
5389
8809
2867
992
9196
4590
9809
3108
8336
2370
9845
663
3033
715
8441
7179
685
3419
4658
2208
1062
9743
1396
5488
3714
6430
3976
5554
6770
1779
499
5530
3954
5776
3955
1636
3749
328
9085
7300
4417
1032
5569
144
6141
633
1869
8304
4610
4822
5781
3788
1735
5377
9530
4410
7374
2590
7203
5647
1184
6475
8101
7953
4547
1359
8042
9532
9831
2759
6436
4045
8543
5076
2092
1453
8478
1287
8911
1734
6472
810
5505
9608
4791
2249
7780
4935
3836
4042
8784
3119
6116
4891
2015
8836
9923
8245
6565
9828
77
1635
9211
5304
4758
3206
8472
6717
6813
8646
5702
1196
1817
2928
8851
1105
8361
536
8300
1803
4764
7383
621
1848
3840
24
4566
3807
5668
1555
271
6468
2868
732
454
1249
311
8666
4535
7557
3654
3147
4443
1853
1281
2986
4649
9330
5966
4491
2504
3645
8106
897
2615
1784
5152
7185
7236
9774
4396
8583
4789
8084
6679
6536
6619
867
9288
6185
2471
4487
1206
857
2579
2578
1017
4594
227
2602
7781
2052
6489
3177
920
2085
271
4894
3089
834
3243
7362
8008
2944
6705
2098
3599
6999
838
5369
694
1375
268
1554
4879
8836
8492
6145
4310
4211
8562
9820
8639
1074
2719
824
3659
5058
9239
7033
1331
1790
8068
6105
6106
1118
4558
7196
180
4762
4416
3466
407
9947
5513
9809
468
7444
829
5795
3343
9024
28
7455
9158
7023
879
6927
8039
3075
5585
6342
7174
4212
2373
7191
2135
3048
5629
6408
7200
4700
1395
7085
6949
6377
8452
7844
968
993
6414
4088
5961
5203
2621
3848
6385
3002
2646
7934
8060
9487
7037
6933
7923
3419
6418
1742
1030
9636
13
5172
5070
6374
4889
1095
8093
149
1171
2982
4873
38
8767
588
3008
2679
6773
1304
776
231
4170
3937
1892
3385
9317
9838
4765
4607
3248
8802
3332
3999
8149
5018
9050
4055
8825
9101
8629
9623
1220
914
6001
6348
6198
5764
6651
2395
308
9183
4195
7063
2072
1895
1928
8852
116
9055
4900
4316
388
8908
2485
5679
5033
8266
7633
3216
663
6687
783
8883
9588
6179
7555
2857
2988
4997
499
1139
8277
943
4798
9927
9595
4812
1093
3546
9484
9563
7250
7270
7133
3998
6612
5027
4624
9946
5020
1097
747
5710
4415
8472
834
2034
8828
8492
3936
5133
8970
2949
3925
3170
7974
7675
9096
9848
274
8789
1409
7981
3044
4664
4521
4263
6888
8442
4464
1047
4873
1837
2788
3939
6239
7908
2619
5404
9307
9704
3672
9305
4682
5067
4659
2721
7851
6907
7129
3759
299
9434
5524
5849
2257
3351
1453
8068
813
2355
923
7477
4382
6289
7460
21
9700
7675
204
663
41
2825
3320
5037
1936
7393
7431
8707
2766
4464
68
5269
2026
1748
512
8872
7943
3444
4939
4731
4954
4915
9251
7242
188
2403
6976
6049
4687
3374
1849
1613
4468
9405
5901
3149
8081
6662
1445
6511
9664
5311
3977
1583
9648
9378
8233
422
1686
7518
5391
9960
8534
3642
3354
3259
4262
8418
9069
5612
7954
4822
8694
4472
9979
1153
4988
6342
1443
8865
9582
1960
8881
3696
6878
1848
1101
234
5232
8533
8883
3795
2265
3658
544
7411
4078
7487
9995
6178
8828
3187
9473
6364
8450
1495
3432
8386
4152
303
2091
2954
4694
5369
5367
5668
2223
9746
1029
7255
1667
2341
6586
1563
485
8264
3533
7686
6673
2997
8062
6304
6421
8472
4018
4902
5259
6077
5697
9161
9747
8848
5239
5911
2549
7798
1978
9080
8762
8515
8990
1482
1522
956
9779
4064
7395
1051
5039
225
3984
4372
5773
2237
5625
3691
5849
25
6341
6450
6945
32
5090
7454
5320
8196
2681
7367
4390
9622
4437
6736
6475
4308
5918
1069
3705
5451
9577
9112
2852
9834
9795
4846
9809
7830
4427
5048
2444
3073
1483
3423
5095
1696
410
5988
3388
1742
6825
3751
183
6193
6327
6720
1933
8025
144
3176
1711
6185
7764
1777
7531
6643
8196
1516
1993
6946
2724
11
861
8688
8205
9195
7921
9194
4187
1242
3555
9023
373
2897
663
8143
5015
3062
6213
874
9521
9150
8752
5257
6483
3210
877
350
3039
6671
3868
8769
1807
6165
9926
9849
6499
3546
8646
212
6180
2214
5013
9502
8390
6046
3407
1487
2614
6191
62
6244
1573
5836
9315
2813
4346
428
2903
4662
5781
8999
8901
8757
3943
638
6952
4458
36
8021
5161
5304
9663
4709
8160
9957
5421
652
4805
4519
5139
6159
7828
999
6170
1668
1393
2414
1794
6595
7837
7630
7702
1150
2663
8244
1618
9964
4094
992
1315
7728
4379
1828
2191
4153
6992
3264
7506
2304
7110
786
6491
1037
4682
4211
1114
4405
6912
6408
4256
1697
251
5857
5819
199
9550
3461
6371
1458
8113
4823
4273
9333
9635
8119
7107
6759
6501
927
2882
6900
4372
6333
6263
1553
7384
9339
7401
7000
9235
9546
3514
708
1968
5810
5340
6858
5379
8977
441
5177
1241
2327
7334
8866
4167
4070
8532
952
6342
5293
5733
8439
6556
7964
8927
5489
9209
5209
979
913
572
3616
868
7244
9234
9530
9384
9492
829
8306
5170
8310
6617
107
2477
4292
8978
4501
1407
3186
954
858
8397
7559
2798
8544
1630
9839
994
4907
652
4664
2451
8653
9348
1762
9765
333
4308
1138
3191
198
5950
2377
7484
3388
5607
7446
9713
4852
786
7728
5578
2293
7347
2651
6252
8442
89
4860
374
9297
5868
4284
6634
1681
9399
732
9376
6294
9483
7231
5470
8112
8696
8850
8990
3317
7022
971
2335
1206
1907
4110
9407
5014
497
3351
2401
3870
4485
7551
2932
4702
7016
1454
7048
2733
810
2863
9747
5997
4877
2669
2118
7287
6672
5518
1497
4043
297
4888
248
870
3239
6883
2581
291
5774
9852
569
5624
5710
1444
3514
2213
5120
1945
2993
8403
329
4919
1741
7814
7218
8280
8522
2552
4188
7059
8531
3310
466
3335
1181
392
6404
8953
359
6597
7420
1423
6552
1553
4184
1830
8411
4101
5766
3740
5450
7766
9045
8315
9060
9067
7623
1493
3227
2246
6577
1643
7507
347
6316
4498
6844
42
4026
1688
8798
9618
1317
1172
5074
9842
2285
3800
4838
4032
77
1101
7828
6671
2911
7081
2694
3439
7282
1049
9874
9571
1664
4975
9437
6566
3698
8195
7182
9484
9045
7306
5888
7943
4284
1723
8005
3281
6187
9334
7168
3606
7809
2307
1864
9737
4398
9538
2644
8697
910
7378
9835
4850
1396
4290
2833
952
3851
9371
2296
1585
3789
6272
449
5773
1953
3490
2701
1242
5723
3471
4219
6013
6061
9403
6431
814
2919
5473
9316
8577
7266
7436
7105
1345
4610
3902
3133
6934
2517
6803
3868
208
3261
7258
6751
57
9855
702
3284
8559
6939
4981
4882
5344
6042
5088
3687
8799
8450
6481
171
6713
3117
3533
1247
3903
3119
3730
7628
7650
2427
726
4063
3760
43
6198
7181
2012
3922
1139
2482
6844
7358
1367
8857
3083
406
6348
4408
6322
4843
8986
8657
4295
2555
65
548
6445
7865
9724
8120
4475
1474
9657
2153
4020
8545
7624
8254
7410
218
2585
605
160
2632
3763
3110
307
9294
1224
8334
4060
8763
4763
3619
8086
9041
5034
1694
7304
4024
1778
9581
5693
6314
4066
6194
5757
6743
9562
1896
4497
7812
396
2720
2239
5785
7856
4115
5650
9542
6515
7874
93
7342
2828
5668
3510
7515
6492
7458
6651
215
2006
624
4649
4191
8345
8274
5373
6485
1934
3037
2584
4817
6459
1333
1342
8839
738
2001
6889
6607
9846
6789
6570
8978
955
1583
2762
8078
3718
7268
8538
8595
5338
2306
4236
2861
7513
7866
428
4391
2044
7446
8576
2339
8135
3635
6553
9186
1851
3382
6789
2404
3110
6851
1513
1820
7778
5161
4495
8700
6995
4508
3609
3917
7007
8736
1888
9519
4114
7696
9154
2108
659
1150
1430
1226
2513
3356
8699
510
2551
4051
3030
9600
5045
9591
5420
8032
3628
3362
7480
5695
4149
9087
4073
3379
6580
6439
7872
7356
6386
9056
6856
368
2551
8187
1024
5814
5146
7007
4071
678
5476
4595
2194
7948
7437
8032
3469
5644
5523
8796
425
6548
3263
1558
3949
1523
4606
1254
8611
2694
1295
2613
5398
1543
7786
1033
3967
6020
2423
9214
6447
8139
897
1383
9658
7787
1966
7067
3296
4889
4026
9196
9078
2550
6245
1046
8450
618
3748
4291
2164
9445
3326
6307
4144
8746
620
8192
2786
8222
9663
7716
9701
4215
2058
9238
987
4354
3338
1285
8462
3769
6598
4408
5642
8419
5618
7204
7152
9194
3101
9791
9541
2404
7298
6524
538
9682
993
5943
1601
6304
2009
9778
1950
8495
2405
1788
4661
781
4208
8743
4785
2467
4824
7960
5914
5644
9819
9638
823
6011
3431
5774
8782
2323
489
4409
3088
5733
8905
6058
7229
4403
8727
6946
3700
1088
4673
5957
8442
383
9543
2437
7093
2427
5048
6753
2449
1042
6451
6471
1294
5853
6088
9333
7619
2504
1086
6664
9514
4224
5986
5269
5687
6394
4132
3179
179
1294
7702
8274
6215
8202
2922
6865
2853
129
1956
1938
5957
5235
201
5187
5871
7423
6695
8855
4634
103
2011
7259
9346
3847
2731
8866
6315
3274
7530
2171
7281
5804
9895
8453
6190
2962
5310
8246
1324
9066
9373
1092
6935
7866
7323
4332
6073
4006
6879
8366
4190
8078
2484
3548
9067
2807
4685
5045
3594
6852
368
5861
6340
5463
5806
2697
1413
2355
9921
864
6913
9516
8032
8635
7521
3634
1560
4481
3896
1301
5867
4990
666
1742
7208
2620
3909
2037
2015
7115
3411
732
9201
5686
5737
6384
1145
6985
7510
6155
6726
6403
4043
5829
6906
7318
5365
860
6904
6755
3068
8068
2917
6027
5750
9837
6865
5252
4480
5002
9672
6685
6278
1086
7619
7528
5162
5895
7426
8533
3464
1732
6435
8950
5948
4813
526
2841
669
2703
2453
4477
7368
603
7687
6799
7393
4492
6271
4906
4091
2846
1388
4399
4146
4445
665
3601
7605
390
4905
8827
5088
7841
9751
256
8998
3950
6844
7993
8011
1207
9268
3147
8129
4449
5566
5322
4452
4962
8090
544
733
1991
2560
7626
7822
1214
5862
6010
7659
3171
8309
4690
2918
4215
1231
7664
9955
2786
1168
9038
3429
2958
5060
5403
3655
6655
8079
3395
602
8693
6190
8355
6086
8155
1220
5404
6052
779
4773
2620
4549
1575
6183
8843
4063
3005
1169
6838
5355
7598
4447
1016
4049
6569
6364
1914
4641
2149
4408
6399
1681
1428
7462
3389
8715
9309
4169
1603
3069
8794
1513
7328
5267
1514
324
323
9526
5913
4796
14
8443
7767
8240
8744
4100
3853
360
1495
4960
4
6826
4992
6296
5004
3470
9323
4720
8242
7181
649
5321
3046
2440
839
7325
1036
6930
7762
8425
1236
6209
190
2755
5585
5333
8898
4710
5959
3515
9498
2578
3232
8240
7146
9396
5720
7938
9125
7941
2616
7006
2712
5339
9753
6053
3307
6570
8936
5337
1802
4198
400
1391
7137
6863
3357
813
2194
1203
7986
5504
1503
1176
7996
3438
1449
4671
1086
6677
8128
2516
1955
4616
3323
1718
2970
6339
9645
7983
4441
3111
8231
4954
8719
1267
6351
9716
2872
1471
9079
4196
2010
796
4476
9364
339
5608
9781
313
7040
3650
3948
8379
2262
7240
4070
9566
7950
5670
659
4543
9189
9835
7944
8770
2533
7417
8220
4119
5085
6438
5228
6385
5671
7356
2442
1716
9850
5732
1942
622
3859
9619
8980
7906
5633
1151
5355
9069
1839
819
7273
1099
899
2830
9917
8001
1617
2105
981
4937
5440
8983
7707
5886
4052
9695
5839
6660
3433
4138
2804
3355
5450
9108
5193
2728
7736
4045
8850
7314
9149
9815
7736
2929
1894
8015
5857
1450
59
9541
3212
2727
9429
6871
228
7689
8104
53
6874
2613
1051
2034
5654
545
9131
1942
1200
6331
8245
7487
4778
4641
2439
5035
1088
2559
3003
6367
3022
7435
9089
444
8766
3830
2311
7374
5623
9888
7138
8075
7878
8680
5452
7666
8785
9288
4101
9971
7054
7533
5444
981
8169
8092
1461
6348
6309
8956
9682
6424
6230
1873
4849
7349
9674
8971
337
9232
7811
2425
4303
8840
3575
5994
4749
7338
6537
6395
7742
6184
6505
373
7463
5238
5428
5608
7416
8392
1884
7213
8599
741
3497
3140
8453
3085
1908
5114
2392
7824
5265
7146
8204
6533
3409
2303
9436
6114
3345
8487
2841
4581
9844
9056
4320
4403
9466
103
9997
9885
1859
5273
2682
4603
8636
9480
5389
7091
8175
8295
7596
3560
225
8073
1072
2381
5526
2442
1657
1976
7624
6295
5286
6281
9517
8741
8311
2477
2484
4780
6099
603
9827
5133
1271
3374
9241
9802
529
6089
4786
3581
7803
5904
4329
2821
8005
8627
1818
8655
1490
3539
7107
9945
6007
9608
7692
7541
9876
7444
9367
1467
17
6979
5669
4436
1034
6445
556
3372
385
3323
6238
4208
4633
6696
4726
5371
4473
8308
1834
5344
2316
3537
8326
3212
8258
597
7382
6101
553
9896
6551
4464
594
2237
5975
275
1139
5492
5668
401
3449
1169
1538
7315
1786
1312
1883
5614
253
7718
1887
4004
6771
7813
796
87
8405
4360
1261
7011
8430
3824
4406
2776
7623
4442
2687
7254
9189
4642
385
6537
9832
2813
7162
4937
6000
4433
3107
9776
5265
7608
1654
3168
3186
5330
355
4442
4710
8228
9518
2082
4374
2676
3063
8721
8429
909
414
5693
1582
6965
3280
9312
1057
5331
505
6422
6269
4828
8841
9106
7304
8760
8074
156
4448
3662
6970
7820
8844
9743
6945
4555
7178
6574
3741
3385
4844
1039
8103
9064
6241
8792
8200
6963
6169
2380
4684
116
7197
4495
7740
9147
3620
8225
9389
8084
3356
7122
1115
761
8936
7107
6877
5154
2905
6623
3333
7959
1733
9979
4152
3320
2002
854
7250
9581
9557
3267
3412
5298
6056
8585
2078
1367
2991
2359
7608
1309
5329
3149
8331
1686
9861
3526
5640
5745
8647
1305
3056
1741
9855
5493
8156
4046
8611
4306
1962
292
4821
464
7752
6639
1726
6588
8275
7086
7628
9130
4395
1777
6066
6786
2986
6126
4968
9954
3699
6774
8670
8728
2203
5322
5329
8538
276
747
40
6354
1662
7320
7019
8424
9916
459
8800
9291
7320
641
226
5886
8502
61
1798
246
9139
1228
911
361
9899
4375
6081
9665
64
3741
6809
5015
9540
1866
6815
1111
1559
2122
6373
3268
3729
9801
4448
5227
2612
8728
4024
3108
269
6476
1112
6727
3811
198
7796
3354
708
7921
1901
3667
8503
4302
6774
1609
2266
4586
1641
9922
1123
8507
701
5283
3400
4971
6747
6818
9258
8529
441
1078
6337
707
308
7328
5013
9802
6953
9033
6530
8472
491
315
6674
7302
7601
2066
5523
1775
6943
1946
6054
9640
9807
632
8990
8992
750
3944
3947
2538
8488
2471
8271
8382
2187
3016
2536
3621
7551
5165
4113
5175
4271
2004
6696
9462
4608
4035
693
7979
9077
7735
4201
8768
5054
9837
8273
1106
3624
9181
2720
7561
3528
2174
1643
333
4866
8523
7547
4393
9899
7676
9282
1917
6864
6111
7230
8309
3532
910
3630
5827
5938
1732
1654
9895
5524
1864
7572
1076
7794
108
9097
1819
3875
1599
1531
3838
1568
6687
503
6332
7727
2467
5335
8622
2563
7597
9183
6195
4291
6213
2770
5908
2723
7898
5676
7097
2684
9617
8623
2290
1820
6999
4188
6682
3976
1716
7696
7391
5848
8815
708
8783
1421
8765
7420
1403
3344
9339
8714
3269
3169
9952
4486
8310
3578
926
4948
7179
1623
7935
5502
6207
514
6031
7233
7629
1595
8660
1838
6801
6131
6222
6185
1071
9456
5726
7270
9153
2112
8219
286
5397
9053
1613
5587
1484
9497
7405
5618
3926
6391
9290
9174
1673
2446
4613
3481
4453
682
5059
2394
4349
186
856
7773
7935
152
5521
1924
8880
801
3491
7396
7247
3813
3135
2915
9505
8095
2226
5374
3646
2812
8912
618
8015
6848
516
1384
944
1069
8856
6508
8936
5524
4636
3758
1835
5380
3083
9728
3000
6723
8201
9100
4188
5534
4355
1247
5356
3725
7742
4520
2042
4466
8071
440
1946
1455
9260
6061
4862
1962
8947
8795
5328
8605
4656
4871
7488
3743
6887
7095
2636
3811
2703
9678
4117
6626
254
7293
6114
8918
7253
4856
1465
6662
8280
5949
4793
68
1311
7984
2837
7536
7341
191
8734
372
4619
8018
4009
3938
9469
1288
6526
9644
5506
4711
5406
8664
7012
7139
2868
976
8793
2980
5905
9308
4797
3057
5751
9276
9515
9793
6770
6957
9278
5947
196
7711
9301
4346
2772
9951
9152
973
7399
4214
8438
4586
1849
1224
6480
4591
5731
8283
1795
9768
2576
2974
1041
9834
6303
2784
1923
5357
3944
4214
3618
3600
4480
1569
2773
9703
129
9779
6686
6198
8463
8435
8864
8978
8699
4255
2728
5731
3018
9280
9634
9764
4653
2110
8404
4286
2333
6473
5020
8100
56
3889
9381
3988
6452
4018
7324
5731
2047
2909
1475
6909
13
2162
1237
2929
3043
6973
453
4216
5105
8166
773
8004
5098
2738
4242
7507
6802
3112
5619
8103
9775
6083
9016
5973
5558
7046
9421
3826
6101
9849
9889
4362
2911
4812
2100
1606
305
7043
212
9879
9687
7238
9240
2589
9346
1778
2545
2700
190
5245
4770
1578
1273
652
2795
9826
3332
483
6929
14
7953
6733
8843
9827
814
3201
8116
3703
6137
4045
7447
7324
6737
516
1541
3533
1295
7775
3767
5378
7909
3216
5643
3100
7560
2921
1692
6995
8181
1652
954
7666
8578
779
7687
9625
3419
2447
8141
8029
5226
9496
7353
816
764
9921
8044
2585
8027
3624
6130
9958
2389
9737
8109
6549
1085
618
72
9912
6918
3707
5414
8456
9482
4657
1253
9686
5143
3456
9074
3522
1953
3621
398
3855
8633
576
9505
7141
6100
8398
8956
1007
4985
8177
6930
5492
8773
5379
3048
2515
6006
7671
3202
8883
5454
6580
2690
2769
1370
2745
5564
3047
7139
2449
2853
1293
7637
7297
7814
2568
6782
5271
5518
1472
5862
333
6698
7402
4298
2967
9981
1773
5450
1249
2036
3293
5418
3133
8998
5226
6600
1475
9619
7024
6827
1222
4816
7557
1107
7964
826
2302
2853
9945
1211
1799
8896
7808
5136
4798
9973
8373
8227
9142
2543
8736
23
4832
509
22
5439
9440
2529
955
2353
8800
4842
7000
7857
8683
7147
4557
2285
7887
4960
9626
359
4914
1814
7143
1780
9025
909
7237
7243
2111
6645
4335
6920
2540
6012
4790
583
7949
5545
3326
1655
1470
5140
1334
5718
6866
2868
816
7414
6549
8349
8498
5991
9870
1676
1886
5824
6533
4344
9727
9335
8164
9382
1722
6205
1569
2287
1575
3872
1693
2188
7807
6457
1943
9222
8364
7161
2265
3482
9817
1862
9889
240
4395
2440
8190
1768
1517
3795
5304
9459
1755
9610
7641
6836
7813
879
3685
3315
4116
8769
2258
634
1994
7986
106
5609
9243
7296
1165
5438
5449
6919
1567
3575
2322
1132
486
8494
8701
7712
8714
2834
6420
1605
3327
3694
8674
5489
9014
4419
9091
1514
3171
4266
5885
5040
5299
5560
7439
9838
5989
4087
2551
4752
3129
8969
455
2497
2836
4086
4911
6767
5282
715
8851
1186
1142
4193
1409
7627
4892
8621
3510
7866
1316
2614
8288
8365
6522
1623
802
5710
6036
9617
3899
8434
6863
1485
6426
3930
4790
2786
9656
6504
164
1874
712
800
4532
5814
6034
7158
6951
8829
9705
2604
4476
5022
7452
8737
5407
6903
5934
2480
5198
5329
4198
2994
3677
9570
5911
8869
3647
7828
2228
9022
8913
4654
2360
9196
9126
9034
7787
8996
1860
7853
4647
1369
1306
3486
9104
7011
933
4284
9906
753
7705
5491
1710
3920
1687
2984
6636
1199
5138
3143
4314
3781
2332
4358
9996
9875
4792
9208
7923
3638
1846
8016
1804
1106
8073
7063
5794
8741
2278
1233
3620
3144
8849
9075
2594
9698
8047
269
8243
3020
5221
2905
2613
8062
5139
1799
4351
2763
1353
9257
2634
6747
5928
4582
7493
3732
2133
1673
7229
4089
3241
6968
216
5536
3029
8041
3573
8991
5606
93
4386
4153
2374
3348
5933
2560
3424
8267
2129
4628
5431
1530
7911
1691
940
9477
6038
6640
7924
3519
8106
5772
4441
7485
6098
5379
5388
1327
5421
5944
1373
9924
9614
8883
1714
5302
5835
8514
2455
6590
133
1178
9045
878
7496
1198
4672
7378
8318
2089
1791
7333
2588
7534
2342
125
2651
4153
4010
8215
7422
24
1716
8840
5580
4962
7661
1099
5765
7707
9416
5034
2659
5905
7073
8252
9983
5469
6328
6896
8578
1241
4360
3926
955
9504
9874
2056
7003
4569
2906
4403
6749
4658
7177
2456
1465
5290
416
7828
23
1180
7626
5270
193
30
4118
7498
2516
7008
1735
8768
4274
8424
8448
9939
998
9103
4861
5489
9392
9037
487
9004
6773
8187
8472
587
824
1966
6824
8378
1554
7054
7768
2605
180
2408
7137
6700
3802
3613
6497
1123
1833
5030
8195
9942
5557
2147
7217
4368
5554
4128
3677
1650
9741
8962
8934
5331
1670
4689
9632
1575
5519
5314
2259
9378
2461
4425
2507
3323
9019
9595
352
7093
7148
8280
255
1078
7180
8723
6569
8623
2980
8558
6649
7384
2395
8071
1007
2585
1623
3356
2209
5018
6265
3585
8329
3563
4547
7277
6460
2379
6649
4996
2816
6944
3206
7902
9898
4283
8549
4288
5694
8756
3299
3614
2533
8797
7624
3842
6051
9990
2400
8930
7977
5595
8869
7685
5501
5196
4952
2797
5802
6696
7185
9347
6604
527
7122
4179
1001
5685
5309
6318
3242
2386
4479
1000
6229
1993
7592
6352
7117
9926
1241
2994
6955
4419
9873
6081
3449
6515
2720
5167
7490
6165
6837
8999
3265
9803
2466
8514
1358
1347
5156
7137
1287
3208
9280
3862
7869
8299
1381
7768
5121
216
9706
3028
9452
6659
7728
5034
1327
4478
3733
6345
2719
6498
7834
3814
651
7586
5787
5112
1845
6128
8050
7087
7965
5925
2897
3621
9713
7468
615
5807
1080
6904
6029
7783
2785
6585
2788
7923
1827
517
375
9774
6984
211
8123
4670
1931
4222
4799
2699
807
480
9339
5083
9406
27
260
3095
8649
6073
7703
7095
6195
9349
2372
2919
9950
3242
5324
622
662
1929
1663
2172
8347
9134
1662
9739
7221
4042
4876
3012
3278
7464
3835
8680
2680
6835
3985
38
6800
6488
3047
9128
8420
5149
8743
5597
1885
6409
8781
9312
5361
9135
9416
5361
6632
6288
8543
3474
5106
4805
5625
9254
1355
7145
8960
3488
535
6640
8195
6821
4929
113
6772
6960
6387
8811
5429
562
2920
8377
7990
6942
9868
9414
7229
3160
7982
2551
7709
1559
6109
4989
7581
4629
5377
6267
5678
7627
596
900
8817
6530
2919
754
5352
6074
2387
7120
5430
3636
5565
7401
554
8218
8126
172
1268
2237
6224
8307
9866
5092
533
1363
8522
6541
9883
7721
1358
8036
1779
2250
4738
4536
2057
9026
9405
7350
8275
6619
7417
4480
9043
8581
683
1089
6735
5676
2497
1831
8048
840
9615
1028
6747
9443
781
6416
3787
2213
8781
2899
9760
5479
7070
395
3091
9520
2742
9182
5645
3147
2272
6692
1248
9339
9004
6970
7469
2914
3563
8124
2922
6700
7768
5706
2262
9810
5434
3511
4319
2061
8209
2030
8079
9048
977
6919
3627
704
9887
4610
9597
5055
7716
605
3145
4364
7957
1657
2115
6339
5410
2724
9979
8053
3679
1353
1969
4734
2222
1459
5008
786
9564
5764
5885
6804
6518
7822
8028
9651
8170
8776
4748
1700
3020
7712
8965
1120
8399
5874
7364
5819
858
1171
6631
5054
2307
3351
6507
2517
6833
1687
8586
6323
2909
235
8762
536
9636
6299
7842
5406
7937
5493
2285
1599
4483
6239
7964
9581
57
9269
1799
2945
8870
6412
8681
3887
3256
1443
3957
3628
7609
4080
5433
3863
9685
5503
5337
5369
2354
2157
91
3621
2571
9531
6921
6289
9209
7091
9156
4391
3231
9629
7745
3703
724
896
251
8124
1734
2145
5717
570
4148
4947
5717
5160
1572
5530
6406
4510
6676
5874
9580
1309
8112
9934
4390
9556
1070
7181
5633
2822
8796
2400
7833
8874
6837
7433
3106
153
5052
4467
5569
1626
5780
4054
5917
7922
7509
9444
815
9936
4428
332
256
4726
1894
8386
7582
5740
4988
9238
4835
5559
4567
8472
7423
7753
4458
7182
4596
2131
8825
5171
1957
9370
8813
1997
9824
6259
9447
6625
4068
548
7358
4008
3249
6813
803
6859
8158
7611
277
4618
6255
4331
8788
9262
13
925
623
8999
9028
6121
6385
213
6716
5946
4610
8946
9465
9532
7024
7789
7825
3781
4381
6269
5853
7876
8992
3178
1741
4495
5032
3842
7371
8486
4641
1983
7107
1563
2831
6501
2527
7438
5066
5236
7724
1884
8612
7328
325
7646
8691
1124
837
1428
9542
805
292
9418
4063
3258
9885
7661
4060
8175
2194
1824
1894
6888
7240
2508
6721
2445
194
8979
5532
1760
9146
2620
7646
2343
1370
9320
8361
2055
7114
9332
7935
5268
2218
5194
9134
8696
5621
2528
1629
6508
8430
275
5736
1274
6417
9012
9842
1452
2506
1797
5647
4196
6631
9282
6615
8998
8914
2011
7812
3248
5334
8808
7089
6357
3160
3993
1215
7769
2983
7745
6591
3170
2743
2998
8119
7621
3606
4732
5502
8122
9461
7548
3227
5764
5529
5891
2418
5803
8424
8941
8696
3330
31
1545
5545
1602
1649
3231
3425
9514
3774
2165
2881
2130
7939
6152
8222
783
6160
8846
7621
1728
9229
4472
1454
3848
4988
3727
729
9375
6383
7377
7616
2482
9965
428
148
3242
6640
9670
7668
5705
1695
4762
9790
2834
2206
3088
235
8237
155
9602
9784
2184
6459
9154
7234
7413
2232
4686
33
2361
5634
2786
2381
7102
4401
2135
6471
1082
5653
6192
9018
7641
7304
4289
8959
1729
9179
2573
7588
6109
6069
7395
1687
1464
8026
6638
2936
6009
2410
10
57
7413
2351
8514
7488
9646
2126
2550
751
3267
1287
2052
857
1038
2440
4014
130
536
1530
5446
6399
8414
2021
8592
2328
1723
6566
1074
565
2296
2390
6962
995
7427
5681
6516
565
9491
9255
2330
9043
2762
5830
8987
2024
2318
9885
3335
601
3128
2530
7656
2078
1235
8848
6636
9287
1058
4683
6713
9363
4659
218
5522
9724
9008
2369
3741
8236
7485
3082
6314
1513
4197
319
1796
1877
6654
3800
1394
7705
6663
9000
1668
252
1381
9664
1013
9965
372
3348
4510
4114
8759
8000
1691
9396
3758
7988
150
307
5816
6622
5069
7716
3485
79
5712
6820
1866
8645
5702
5825
524
1242
4013
5907
1309
4541
2019
2726
2812
2819
6766
5052
8533
5951
5999
5611
763
3806
1872
2192
1871
8368
5449
1508
6710
8457
7224
814
9036
7509
7124
5326
4888
4458
6235
4587
4692
9868
5263
2267
5339
1598
8179
8113
5259
6424
1419
5265
3978
4703
2333
5878
7802
8887
5355
9706
6974
50
7103
413
1225
9894
384
787
7986
3442
4286
8670
2081
1244
6931
5215
5794
7549
9888
2542
5878
5365
9156
3000
7752
2508
438
9987
5151
6277
5644
3108
957
1696
3029
4075
1976
2879
3093
5828
7369
4937
7472
9379
7811
6793
2844
4228
5303
5803
7495
6347
3778
4295
4341
1540
9620
7862
3165
1800
1466
1866
4412
1116
8787
7228
8001
6337
6156
7242
5736
2880
385
7326
1338
1232
2685
4323
5725
7519
4420
7009
3333
8666
6215
1195
3183
4646
9431
1201
7261
7949
6533
3064
3639
5752
3913
7456
3232
867
8219
4492
7331
8659
39
6864
6409
6748
9279
1175
4328
6700
5728
923
7969
5563
