3548
8063
6938
4853
7715
6468
2643
7687
9000
1855
7856
6262
2575
7580
4909
5261
1836
7963
3105
4619
5937
757
6083
6300
705
5463
5052
134
4314
8382
6727
4171
3914
5858
232
9636
1381
5437
317
9483
8610
7439
8526
3836
1933
6724
6981
9213
1265
5307
6261
922
6823
4873
5461
226
9711
9016
4711
2595
9306
5540
5126
1546
7544
8178
7620
4909
2847
847
7628
5826
5331
5442
4154
7937
8728
1063
6836
877
8852
5415
8400
5295
2594
4552
4570
5421
3603
27
3632
7280
6480
2450
9695
3817
9773
8461
3397
2629
7019
7660
9263
5588
6494
9784
6052
7717
2170
1309
8216
9995
6230
7931
4816
644
8456
5943
6172
7034
1445
7830
9441
873
6957
6128
7361
1775
8126
4488
6400
4108
8884
4848
5555
2215
2457
9823
4447
580
3948
8102
1771
8037
3443
280
5614
9420
8567
3653
6377
5070
2804
7786
5250
7412
6095
4637
9163
7766
4659
8522
6035
1046
5307
7335
3761
2916
8749
5679
2882
4615
5302
8192
2618
7890
910
4812
8424
7330
4274
8991
2256
3155
6639
6703
7397
9007
9351
2598
8127
2439
3313
2668
8015
9732
363
6032
9445
9067
197
25
774
9774
7949
4891
7049
597
4907
5286
5776
1624
7440
1963
449
7109
5778
4870
7403
7408
9383
2846
6739
5920
2165
6096
6403
2226
1070
1165
2204
979
1532
186
5949
5105
261
183
6080
9249
6937
1062
7002
1145
3276
206
7866
5505
5254
8714
3778
535
4723
4643
3208
5631
6421
4839
7468
6830
2731
7152
1318
6372
144
3155
6769
4447
1124
8212
6570
1874
1853
1234
5722
4704
9459
6198
4404
6779
1001
1823
9880
5397
4980
1054
6048
9545
9436
893
5219
6715
3494
3686
7508
1798
5452
1193
6332
5705
9022
9282
8557
5748
3875
6378
245
9842
3055
1434
2686
4865
3304
1766
7940
2954
4055
1291
2709
9217
5185
5442
6735
5367
5650
1893
4191
2222
2676
8506
6842
3166
2991
9885
7786
9353
2708
5095
775
8280
2967
1711
9476
279
6178
2638
3377
425
8212
6733
4905
1142
6175
241
1010
5551
5971
9480
3770
2408
1377
7838
1748
9480
1471
3062
523
5490
9144
9927
7220
5357
8919
8174
6905
4914
3537
7247
6475
4935
5417
4847
4197
5515
3749
3038
4830
9627
8692
3956
4236
995
1417
8894
2931
4141
5447
702
6978
1358
9961
8797
1439
2716
2890
3602
9454
3443
6326
8513
2776
4652
7710
5147
7569
8772
5879
3322
6758
9520
3027
7500
3356
5798
1264
5625
671
3663
1225
1645
4563
750
7573
2175
4615
4950
3229
1679
7637
4880
2970
75
7846
9511
5977
2369
9299
2796
2025
6572
2544
1464
2670
4240
4331
7628
6906
8026
9243
1697
3716
4383
7506
5294
2186
372
1542
379
373
4865
9394
1241
5837
625
1605
5522
8277
8013
7871
601
2081
7005
6234
606
2862
477
7487
7854
2093
3131
8728
5009
2905
7100
9626
9710
6518
2233
8307
7996
8348
6412
1679
5663
9916
6104
9853
2611
8793
7372
3314
6688
2439
1046
7275
6896
1130
4033
3888
4366
8574
7258
2676
9447
2394
6876
4303
2452
5787
4900
491
4589
3066
1845
2996
1370
713
4677
7363
7907
8100
4801
1048
5089
7082
9825
1567
6623
6663
860
4782
1813
9055
4823
1388
1698
5804
6043
6828
6058
2227
9103
3496
1089
534
8206
1738
8288
3492
7609
4006
1093
6726
9464
3765
3203
208
9244
9342
7720
8963
6034
8138
4256
484
293
6292
8208
4344
4342
7588
4623
3663
8383
1953
3846
6823
5751
7070
9155
1823
9787
8804
8887
9214
6156
5056
7398
1645
4576
8951
8562
8964
2440
6916
8686
9718
9016
9709
4183
9312
2738
9699
6536
2800
6733
3214
5333
5675
180
6591
9593
5025
3562
6771
2218
5985
7257
3325
3775
5750
4288
4838
7607
2385
624
9638
6853
2867
4400
8926
5791
9523
8924
7250
65
7396
953
917
4651
5430
2527
2341
4811
7866
597
8974
4411
812
1075
562
5787
6257
5398
6727
2281
8038
4111
9880
9726
8873
1883
4012
5045
9433
2943
9631
1995
9093
1698
2332
5013
2672
8130
2834
8256
9621
3804
85
1827
153
7030
2274
6637
1733
5914
2866
8416
1280
6660
2848
2358
3505
7813
8241
1167
8599
5443
7555
1591
7519
117
3819
7459
8375
7027
6945
8147
4582
9579
9440
1959
9685
9539
893
1010
5039
4965
2265
5919
3357
285
1080
7945
1422
4249
4713
2363
2630
1044
7344
5965
1308
2818
5011
7730
6119
2869
338
3305
1569
3621
8129
8909
9856
6839
9569
5131
6206
5838
6520
3166
9733
8978
184
1692
1727
4595
5980
3892
4080
8881
6814
1784
1119
5135
8727
9433
926
8106
3269
9535
2067
3386
1453
8691
669
8301
5348
9298
707
2712
814
7132
6001
4986
8702
1252
2742
1691
7640
7893
7095
9720
5770
8774
6213
5249
4627
8455
1536
1776
4215
6929
2416
2422
9092
1094
4640
9189
6233
5725
4602
3297
7319
1054
9995
6126
5227
1408
3643
482
15
6694
1935
9506
6921
2826
1969
8225
4756
4136
3477
1157
4998
352
6400
9390
2941
941
8027
6537
9514
9731
1540
1747
3661
1396
3312
7146
9776
2241
5649
3167
9446
5072
7348
9169
314
364
2591
7331
8881
4753
2694
9377
4412
2413
4494
7930
8292
7121
305
3172
302
9173
7329
339
2050
7363
9888
1864
6729
9094
4167
1001
705
5645
2876
4080
3133
7138
278
1061
7963
9767
393
8634
8168
3667
3867
8362
3960
4680
2122
6847
6622
6915
7076
3245
3532
334
6601
9259
6856
8524
2470
721
9719
3271
8708
7691
3663
5941
5442
6945
7689
6694
6611
4617
432
959
6008
8103
9488
1168
4698
9455
5884
9808
4082
5627
3193
9005
1193
432
5083
5336
8944
3196
7590
8656
9739
7656
7571
1904
5686
3878
5333
9561
4603
5553
5523
1523
5683
7001
9434
4213
7244
5971
7175
217
1586
6889
2900
5163
6124
4139
1257
5518
8686
9538
2939
1151
5219
1564
7017
5245
8179
6118
1626
8265
315
6645
3788
2507
7633
7608
218
8753
6058
6013
7460
7579
53
2452
7518
6865
7700
8022
4263
4431
6927
3384
684
3985
5348
5968
5816
478
9425
7907
8169
4599
2008
6532
8370
39
5657
5150
285
8469
8859
2355
8850
636
9145
7811
7855
4600
1257
2864
394
6638
8173
7367
6871
9732
5368
3353
4345
4302
7142
9787
8118
4972
7536
7681
7953
6763
4794
7811
2319
1235
8840
7849
6169
938
2437
2406
2372
3503
7556
4493
1202
5099
1221
7219
8274
5943
4592
758
6599
8353
8057
5797
6882
4172
741
5246
9166
954
6599
9981
505
2718
5074
1077
7542
8076
7857
1589
2906
930
3245
9053
6388
7704
9094
1283
5765
1846
996
1652
8141
696
2529
8021
3326
2048
6915
6849
27
730
6039
5879
474
8657
7936
4891
2927
4982
9667
1339
775
9476
386
2140
6263
5440
8121
3496
4992
282
4843
43
1830
9523
6714
2625
261
1204
9967
2077
8468
4757
1849
344
7801
2263
1013
6974
8001
9669
9967
2166
8632
987
9419
7271
5308
4400
4175
3783
5656
2928
908
1968
3121
6553
1980
7775
5044
3907
12
6308
9354
8802
3127
8861
2274
4302
3154
11
5008
8180
324
3431
8355
7372
4879
5025
2357
5680
7783
1220
3579
7516
2699
8368
5872
289
6831
9680
2237
4634
2904
2835
4773
1404
7928
3036
1598
5792
6909
1209
4328
1512
5175
7206
2848
9886
7562
3117
7562
2422
988
4186
7540
3530
267
6798
9484
7382
5106
5600
9779
9587
9292
2804
4885
8728
3279
9597
9852
2339
8601
2282
91
3143
2557
1334
5052
9337
285
5050
4050
3755
6726
3350
7505
8065
6660
8890
5733
7664
9330
7346
5145
5289
6991
9363
6604
6861
4778
7583
319
1943
7258
6464
2232
657
8352
7847
122
8272
605
5336
26
8036
5976
3733
2548
1162
9598
3914
4555
9223
8431
3389
7503
1621
7828
9974
5388
2854
2937
6854
7153
3729
2098
8959
3293
7183
7106
336
9666
7895
999
1706
7013
1931
9517
302
7639
6266
6120
2350
7679
3016
6149
9912
9854
685
2065
8773
3782
1025
6778
5137
4102
1183
5581
2389
7177
1266
2549
7565
5106
8194
4922
9157
579
7050
9018
6786
9242
4702
9616
5692
8646
2735
6413
2739
8989
1996
1833
6483
2220
1122
7616
4695
7904
4546
6045
5666
4519
8533
8279
1797
2635
1552
1390
318
810
5420
952
6663
4710
5362
2879
675
2603
1543
6385
8361
311
7355
2264
172
2401
491
3425
6134
3177
4570
2932
7735
3321
536
8723
611
4173
4292
323
6438
2293
1739
837
802
5984
8887
1260
1141
4799
5737
597
2621
65
7794
1433
8451
5691
6901
1550
1894
3705
9465
242
3600
6404
6827
819
8625
6753
1205
1444
9916
1684
7128
6171
9511
8607
7782
7375
1659
7843
643
5354
8154
6650
7197
6292
434
3286
4431
1783
2925
3981
8673
1277
3163
1295
108
390
473
7443
5717
405
2937
4474
2130
890
6169
3993
7762
4732
416
3463
2982
8787
8283
114
9241
2811
9173
6627
9424
1496
4498
8330
9200
3968
8711
6276
8483
6807
9805
6737
9002
5421
4268
183
5973
2582
561
8893
5885
7087
2095
1741
4497
2908
2600
1706
5501
598
9208
7338
5042
3073
4131
1162
3247
4802
3157
4606
6207
3832
8119
7650
9521
5229
1782
3193
9684
1818
7789
4395
1780
8948
4908
6492
9948
3996
7967
8389
8049
6823
7495
1820
3785
6024
2557
6150
5668
4726
4379
2618
7474
3782
5733
1038
1689
3659
1271
513
8448
4755
5753
3623
1734
5420
2020
1002
163
899
7711
1196
6824
1786
7174
8757
9612
1946
6042
2170
9144
6131
2563
9690
3821
7379
3997
7545
7972
1148
3276
3453
1729
2007
1733
6551
9828
8982
7370
3521
2614
6351
1467
9075
2097
7451
1425
6281
5958
214
946
6432
2639
3748
1698
2546
6030
1023
7233
7384
6134
6822
4812
1545
8804
2585
9206
496
6535
9893
1865
496
3520
5870
4285
4227
5012
4813
1812
8907
4994
5508
5561
3454
1809
4680
6704
2192
1599
1072
5563
7797
6953
7036
534
522
6078
2033
5839
9557
1975
4264
2635
6164
255
5069
4584
2233
9716
2420
3537
1032
8913
2692
2504
1513
5117
6415
3200
2078
847
1840
4804
7991
6337
8630
6761
2564
9289
3189
2918
2719
4609
2194
4731
9719
6958
6497
5706
2565
8900
3555
3293
1116
5396
2180
1586
6961
7801
3215
1196
5594
7117
6910
7272
4824
4995
3061
2545
4617
8384
6815
8445
5512
3637
2664
3038
6676
9369
7255
9173
5788
2833
976
9843
6783
715
124
192
8765
3352
1923
610
1892
8878
1212
2925
2976
1770
8892
2595
5426
4535
9359
9221
4297
7404
9161
8648
1678
8670
334
8329
1393
7795
4275
9049
8315
3448
8930
6587
5512
3804
2220
14
3073
1516
7236
5046
1097
2412
3611
5362
3322
4232
2003
1898
8681
5595
3377
4380
7652
3119
5169
7249
9563
7189
7340
3888
8918
9615
8541
6012
760
2374
3914
4642
1572
3202
8239
3719
4681
302
1213
1694
2572
2483
231
6463
5355
1786
7540
1371
8242
6023
6736
4363
4720
2469
3753
9456
9963
4481
9074
5388
2840
871
9475
4630
6212
3475
6052
9548
6434
4706
5151
1726
1998
9406
4655
1056
5245
106
7078
6734
8922
6905
1264
9555
4736
6794
8838
4645
2388
8188
8798
6842
1735
3329
8902
570
7426
9208
4427
3554
9177
4080
2114
425
1605
3835
5492
2703
9515
905
9884
4946
3679
4020
7379
1788
405
7719
8802
2055
2416
8716
6358
3893
2319
9484
1682
7635
4534
5587
3881
9772
6973
455
9721
9897
1919
7981
8577
9057
4879
3742
8446
7077
2823
4473
5174
868
5578
6392
8871
6386
6234
4203
9750
3656
1625
8006
1191
8347
4192
6176
1360
9149
20
8608
8828
1943
7615
5347
7307
4281
8419
645
8856
992
1735
3321
7
5229
9866
2035
1029
2972
6871
1188
7538
5717
2149
4346
6726
6582
6237
3125
9469
2580
3146
7954
888
1690
6321
3684
9520
3686
2123
4553
5857
6417
9299
3370
2002
4641
899
5823
1515
2491
6590
6604
2648
7909
1154
4426
540
940
2855
9734
6758
6508
1961
7641
1281
9968
2539
4026
4298
2369
5155
5510
8628
6675
8402
8986
7050
6948
9898
7881
3156
7029
4077
8634
198
126
4493
5266
7962
8692
3471
3756
4366
6814
8531
5091
2940
9681
4936
3487
9490
4162
1889
5941
6814
7934
6028
7654
3101
3605
4354
7671
3144
1495
7413
5965
5957
9727
5714
7749
6667
9632
7214
7293
610
2097
842
3786
9739
9977
5522
6532
7874
2105
7915
4850
9320
4989
2052
9055
5407
4354
4952
3387
8978
4773
6394
3167
2602
7530
7006
3132
7565
9945
9051
319
597
5837
2536
5668
7407
8013
3873
3083
5160
1821
6895
3374
6975
717
4790
5101
6008
155
7672
1321
6769
2943
9430
1492
2295
4125
4819
4075
8679
891
8949
4536
8448
5020
5043
5042
1934
6407
9587
8990
5169
1854
474
5506
7732
4086
2435
8009
2136
1195
1225
190
6652
8967
9798
8185
6043
3062
5285
2484
7696
8915
9830
8587
6785
402
5726
6550
5543
8927
8511
330
4899
5733
2616
642
4614
7543
6237
5190
7463
2926
7309
2080
2126
8036
3311
9613
9693
2378
9698
7516
6172
9996
1003
1122
7811
9502
3648
9514
770
9545
9562
4585
178
4415
2989
3156
1506
3250
9198
9300
149
5915
7992
2201
3265
5309
7547
4464
3259
4816
1332
9426
222
3616
4477
9563
8359
8297
3050
7417
6472
9451
8189
4197
2618
1949
6956
1191
7620
7022
28
4307
5907
7002
4000
2716
9603
2914
8134
224
2819
6744
1194
6262
4100
4989
3291
2997
2227
4891
6538
3121
2265
8706
8914
6184
7510
7771
6374
6833
9502
6430
9288
362
6125
827
7404
3652
6328
3949
7158
7456
1998
8829
5004
4664
1941
9989
9694
3845
3052
3730
3770
2012
9166
3778
8066
8330
1879
2680
2733
3317
9196
605
3992
7246
2656
9842
6959
5475
6942
2755
4246
9204
377
7479
9930
1655
4591
4777
2618
7403
7655
3254
1120
2196
756
9793
8397
1621
8622
5842
7785
5824
8611
1408
948
7103
342
689
580
583
5341
2574
4824
9614
1065
1543
9541
117
1032
5809
6874
2451
8590
6930
5579
7098
9258
2624
2846
9041
6747
2631
4732
722
923
9862
5669
3508
832
7174
8062
6075
3620
6260
2806
5649
8182
748
1534
2892
5690
3270
6306
9206
4811
8294
9501
2874
4666
5950
5030
5689
8523
4752
8223
4533
9360
8491
8459
6140
7742
5903
4312
61
6486
5718
9952
2404
581
4969
1946
8842
8159
3756
2179
2902
2682
8909
507
552
4426
9880
7074
9051
885
9656
5850
7890
3502
5752
1871
7797
4446
1533
70
7744
5980
1335
4054
1909
6812
8168
3263
5672
7125
696
6131
6140
3627
6234
6773
9895
481
9936
2963
5839
5078
5762
1130
8822
2992
855
5169
9226
8634
4592
6940
9182
6926
4663
7880
5936
3812
495
7951
866
7933
4133
5156
9940
3944
25
8377
131
3689
6573
4603
1950
6038
8748
4452
1589
5908
5956
1148
2521
1901
3928
7972
2730
4071
7129
8531
3080
5884
8336
3529
14
9003
8101
9263
4708
1895
7474
385
4251
571
9371
3400
3771
2275
5329
6418
2587
1014
5220
9742
9632
7154
9232
4885
1715
9916
6381
3092
5567
4778
3757
4063
8115
8959
9800
84
1608
3223
7137
910
1550
7880
8775
478
105
8927
939
7637
1802
3850
9801
5012
794
632
5014
542
4577
7784
8389
7390
4470
4560
6104
6737
786
8101
1211
7608
2350
8865
1907
2865
937
774
9665
1668
2359
6742
6345
4970
5623
6922
2601
1890
2844
1986
3799
8827
1165
5107
890
5974
297
1355
2339
7278
955
1602
3057
6924
7239
4370
1103
2853
2662
3074
2362
5009
8677
769
9639
1067
4108
5143
9875
3461
3575
313
8003
816
3403
6914
2763
2559
1999
2429
6754
3632
2751
6787
8782
8988
612
906
8144
177
8484
1818
5066
3653
6530
3778
4603
6156
4662
3086
1048
2737
6232
7083
6631
7235
6747
1068
3289
5329
3374
2193
7247
9701
3176
2095
6344
6338
1
6324
8948
1379
4553
562
9949
6530
288
7242
9238
5833
2324
2703
7289
9039
2492
9866
2939
504
4347
9546
9800
3977
2913
8218
2357
3500
4091
4897
5697
3386
381
7009
8610
8093
7308
4152
9519
887
6244
4379
2692
3706
3495
4429
9676
4876
8923
1325
7097
1706
3842
6552
2361
1618
6975
3154
4465
8302
5849
4653
3785
5721
5842
9222
6465
907
1664
7882
3532
9347
4773
3603
8124
5698
9472
5150
716
1783
4836
5330
7344
292
3540
9459
4085
6651
5285
1689
5648
2803
868
5559
56
3041
2781
6734
6853
8654
6993
8075
8223
8651
9989
6715
9893
6281
1198
8981
4168
2459
2813
4590
9326
5347
3918
3656
2902
2002
8584
898
6406
7738
6922
3734
9430
844
5684
6078
5171
6200
2306
9190
8821
7916
6066
9113
2806
4893
3446
8348
4060
3681
4818
6080
9043
1807
7114
2027
321
6389
2860
9256
8578
4512
3512
78
9111
2064
1251
4120
355
6367
1527
3285
2589
8371
4294
4347
5713
7983
1197
2910
9637
3261
2176
7327
2691
993
4849
2572
5338
1374
210
8760
436
9237
3658
491
1006
5278
9095
1612
6825
6769
1078
3934
5175
7053
3423
3784
885
1893
8949
8779
9541
4158
4949
4761
2387
7263
4328
6591
3470
6678
6192
925
4705
2142
6086
6365
560
5998
9183
6336
5960
1292
5450
525
9676
3777
5440
2909
4548
20
308
4019
6025
2853
8254
8886
6620
8716
5508
1004
9969
8008
2924
8891
920
7245
8960
7951
5905
9391
4207
3512
1628
4723
1565
7649
5041
9887
7832
9080
270
1925
2020
6666
4248
1443
8994
3892
3827
2699
7625
5383
6526
967
2643
5193
2118
6005
7184
2994
3847
8921
8360
5933
6412
3538
2485
9404
629
6379
6315
2263
2759
8999
4530
8045
6578
3178
8668
6843
9800
1363
536
341
2050
9507
9060
528
2925
9604
3843
2101
4707
6647
1173
6026
1410
8046
8866
2289
5931
806
6438
1377
6843
1017
6915
3279
700
8205
5667
4907
4916
176
6583
8520
7180
7898
7868
2327
356
3182
852
2278
373
5647
4102
6962
1491
6765
9437
199
9792
4077
7017
2790
8876
267
5304
5064
6726
5461
7205
4689
7877
8643
3542
9989
5587
7096
3470
434
5107
4421
6551
7234
5537
3029
9102
553
4539
679
267
1739
2632
6776
194
9835
1496
3823
6712
70
7941
1085
3011
5478
8893
9322
4473
4495
690
7684
3464
4967
8758
6223
4600
8552
5220
5042
8858
8321
4033
4864
4585
6077
6852
8622
1068
8419
5600
2650
5154
7222
2612
6080
1351
2527
9404
6499
2037
7203
2668
1908
8070
4506
4310
3580
4251
9307
2692
6412
7836
7737
1330
1595
4704
7732
1162
2839
4701
5334
233
1085
6044
9817
7777
7998
1726
2089
8315
3470
5274
6225
8384
3011
9088
8582
7674
2707
1066
8511
4611
6154
8720
5277
9397
443
6635
7019
8148
7226
167
460
5152
7914
5685
4330
5502
1599
7605
1750
1992
6000
4895
3369
3292
8804
7060
2605
9755
5547
9710
4973
6261
2792
8688
6386
5527
2280
3336
211
3874
5644
3522
7811
9615
4053
5114
8054
8256
7071
6237
3097
8772
6725
8454
9476
7795
3136
7949
1024
3813
4105
6629
3453
4019
1344
6929
69
5843
2035
903
962
5103
2599
7622
6571
8153
6507
2117
3316
7344
2508
1165
6533
176
4340
315
5291
3348
352
7641
5569
1296
9410
5269
7873
9332
4566
8315
3483
9046
9288
4000
7084
1259
5508
8655
6535
2158
582
7489
151
894
649
1148
3170
8099
4247
6088
562
6037
3123
126
9279
8278
1684
7595
172
280
359
5615
7194
4780
9117
3681
8697
7103
8559
3597
9571
2154
172
4015
1384
1774
6025
1939
8878
5205
3578
8089
8605
8135
1771
1972
8186
3780
508
9571
1769
9350
66
3269
7802
8686
2951
8962
8032
2100
5407
143
3675
1899
1593
7964
124
6150
8145
7839
6813
994
3514
6536
3808
1508
9535
4621
6038
4013
6156
9673
3037
2601
944
1425
8260
9300
1948
6369
64
3288
9176
6211
8260
5104
4965
5285
5769
8779
9058
4683
243
9895
8832
4587
1344
3172
9682
2707
2896
4074
4869
3342
4276
921
2413
7952
1375
5105
2146
7772
8060
7
7050
3680
8147
1616
4365
7502
8598
410
4046
4559
9111
8346
3568
6861
7218
8634
9791
8780
5612
7781
7188
3987
3862
6949
1946
7950
4088
3207
1530
6023
524
7027
5696
6808
1323
9294
150
5460
6641
7573
2869
2078
4903
6717
9644
1520
9092
207
8976
6870
6730
1032
7183
9889
6233
9046
2556
9873
993
987
8147
4270
9247
6063
2669
5858
7740
4493
8334
6574
8563
5487
6707
9108
3329
5509
2987
3676
8520
226
7218
3482
7168
9312
1007
5515
8079
1950
2537
8913
1850
9211
8543
9606
3409
3632
8303
6542
4875
3335
747
2471
7500
6911
6333
9257
8889
5954
5514
1068
3564
7133
4808
5325
438
7605
6575
2133
8897
