100
536828
1 0 1 1 0 
739918
0 0 1 0 1 
939733
0 0 1 0 1 
11098
1 0 0 0 1 
892027
1 1 1 1 1 
566207
0 0 0 1 0 
358166
1 1 0 0 0 
672572
0 0 0 0 0 
274070
1 1 0 0 0 
511856
1 1 0 0 1 
543186
1 0 0 0 1 
369434
0 1 1 0 0 
408326
0 0 1 1 0 
752063
0 1 0 0 1 
181876
1 0 1 1 0 
783147
1 0 0 0 1 
480650
1 0 0 0 1 
70858
0 1 0 0 1 
426212
1 0 1 0 0 
267202
1 1 0 0 1 
690900
0 1 1 1 0 
390979
1 0 0 1 1 
218096
1 1 1 1 0 
149539
1 0 0 0 1 
116712
1 1 1 1 1 
671320
1 1 0 1 1 
970251
0 0 1 0 0 
569607
0 0 1 1 0 
748014
0 1 1 0 1 
552654
1 0 1 0 1 
21597
1 1 1 0 1 
255993
1 0 0 1 1 
1596
0 1 1 1 0 
429008
0 0 1 0 0 
221225
1 0 1 0 1 
934665
0 1 0 0 1 
96424
0 0 0 1 0 
727513
0 0 1 0 1 
34313
0 0 0 0 0 
323410
1 0 0 0 1 
606282
1 1 1 0 0 
768768
0 1 0 1 0 
344696
0 1 1 0 1 
300925
0 1 1 1 0 
50463
1 0 0 0 1 
287670
1 1 1 1 0 
789369
1 0 0 1 1 
173090
0 0 1 1 1 
15517
1 1 1 1 1 
407610
0 0 0 1 1 
954086
0 0 1 0 1 
892280
0 1 1 1 1 
27602
0 1 1 0 0 
42403
0 1 0 0 1 
946440
0 0 0 1 0 
214064
1 0 0 1 1 
157729
0 1 0 1 1 
869705
1 1 0 1 1 
434746
0 0 0 1 0 
25081
0 0 0 0 0 
844536
1 0 1 1 1 
668736
0 1 0 0 1 
439433
1 0 1 0 0 
872803
1 1 1 0 1 
956287
1 1 0 1 0 
539171
0 1 1 1 0 
28281
1 0 0 0 1 
678869
0 0 1 0 0 
254304
1 1 0 0 1 
777522
0 1 1 0 0 
129442
1 1 0 1 1 
374070
1 1 1 0 1 
596787
1 0 0 0 0 
354593
1 1 1 0 0 
121387
0 0 1 1 0 
694203
1 1 1 1 1 
539746
0 1 1 0 1 
615305
0 1 1 1 0 
758952
0 0 0 0 1 
833977
0 1 1 1 0 
965672
1 1 1 0 0 
459003
0 1 1 1 1 
612459
1 0 0 0 1 
390023
0 1 0 1 0 
571483
1 0 1 1 1 
324146
1 1 1 1 0 
534584
1 0 0 1 0 
32459
0 0 1 0 1 
710448
0 0 0 1 1 
83341
0 0 1 0 0 
43790
1 0 1 1 1 
675988
1 1 0 1 1 
454602
0 1 0 1 1 
16409
1 1 1 0 0 
420708
1 1 0 0 0 
967136
1 1 1 1 1 
723998
0 0 1 1 1 
561162
1 0 1 1 1 
237300
0 1 1 1 0 
646861
0 0 1 1 0 
