500
31792
32775
39288
45002
30542
6350
38001
17631
19921
27199
37392
9235
38689
9194
11538
6573
1878
38645
31015
49157
1275
360
15612
47900
40902
45835
43248
12651
49594
23701
7025
7582
43061
12116
30595
1597
24005
28974
21147
34240
7612
32188
20428
8977
30767
23314
12678
18787
20649
20610
46026
5144
13102
4964
45583
35944
14354
17409
1769
30051
38202
17827
11776
43541
10982
16108
39489
20868
28734
24641
44845
12297
10855
32723
36181
7175
34028
23621
17679
18933
9280
32931
7179
17222
25838
46497
16905
27766
16806
19649
23338
13070
37711
38359
18883
31998
40820
40863
32370
17341
43407
37343
36549
22244
27283
32445
37324
25225
2762
2088
11070
20521
36464
29743
22443
13859
14144
46813
24004
13079
188
21548
7711
46265
4325
39535
43012
21966
48579
9414
29034
38164
29219
30476
6966
21254
42156
41381
29344
32892
23341
8962
24382
19475
33647
6571
5065
20877
42802
11984
39162
24173
47786
9382
28346
31193
3681
24663
14732
10618
22270
48082
41144
1892
13725
19586
30109
10965
10508
5077
49863
19090
22857
13231
7514
34508
3491
24702
9708
35125
29512
6419
41873
36582
12903
9965
44020
29053
31096
8706
12861
38521
20818
16239
3182
47879
10093
5781
11329
22253
23034
47643
10077
49394
32173
15123
15986
20921
44890
25177
48951
26820
11972
14172
29036
4685
21017
31979
37618
41622
34006
25383
28557
8019
5910
6252
15405
40323
43101
33088
19340
14302
4066
45181
21978
13133
8649
47788
5460
4608
8633
28119
45592
2688
10411
33959
13770
45841
18959
13521
25929
38107
38946
48328
13297
15361
35667
24493
40593
44993
11366
5666
18754
7851
29265
14985
48050
44311
24430
49161
35238
29183
15511
23149
45365
21364
3198
15549
7977
48998
11503
41455
38009
42317
17379
23189
29886
46599
41325
14572
49308
28339
40817
6433
16535
6186
7346
13714
35484
35333
42761
20311
26363
12971
39426
18017
2951
28478
12481
14805
35204
5624
41348
7641
39266
27577
46353
25047
10576
9789
17911
19958
555
41405
35435
28940
24526
20336
7839
47154
10741
45168
5719
34976
30830
48974
22947
23919
31272
14016
2702
37732
42683
48057
7699
1820
43295
14851
13375
23603
20294
29473
33585
35939
22718
36404
28965
29990
33196
18635
25521
28876
17398
20447
29616
8357
12470
4354
46256
2167
17461
46199
29159
22363
32144
39565
28950
15623
9381
16749
40057
34305
4565
20110
44028
833
37902
33109
33739
22333
39750
43854
36125
29479
46265
18090
29481
13340
20432
19964
18990
22517
12900
41552
45706
15803
675
829
6900
27543
32881
37925
17304
6092
19541
27375
13483
30619
36199
40733
21310
31316
49306
8901
2638
37294
15284
18689
20741
13436
9081
33275
39965
24603
48869
20385
44553
31128
45639
10118
5717
48088
21654
29649
24387
31881
32314
1562
14134
23360
9313
38501
13095
49298
9108
27031
47113
30146
35319
33062
27748
21074
33262
28075
42660
26534
34191
8456
1563
19888
16944
40816
46856
10856
46479
12672
29885
44956
36799
21066
21678
37108
1286
35049
18117
29983
24680
17162
29855
31894
20165
39525
11029
48609
19799
29388
17071
3167
6993
14115