8000
8409
17373
60813
14832
58053
39681
48175
10766
25462
19654
19093
47174
15521
53619
17177
37971
69203
16016
20414
35709
41523
62015
26612
47416
8990
39633
32956
64451
68394
67768
32444
54970
27436
37315
16686
24657
43059
54090
38708
11284
35578
40813
9807
46062
67977
33672
22193
38695
7677
62215
54010
39460
57518
8214
53038
65964
13270
14389
14544
58302
65865
47896
55757
14098
54619
15158
16867
24188
68224
51124
53897
29603
47514
23297
7765
54200
12415
30013
55340
58381
67791
38678
31116
25284
39711
20091
9265
65505
25115
63388
22242
54650
45012
36069
61017
39549
64936
55973
60491
53719
38195
41086
46874
44115
20854
14119
53277
36880
57558
24382
11732
14281
10934
60382
42894
30689
37545
62536
16279
35844
14585
65958
41631
28953
12209
69056
30985
35431
32529
62801
40528
15247
42756
19616
28322
30594
21019
55223
47097
45373
43189
49197
9625
9926
37727
62758
30778
44785
66369
50895
38595
20973
25695
65142
38084
30671
41418
42035
10437
19472
15786
27801
22817
34277
37565
15263
51334
41123
24858
57487
36859
52030
41312
30582
28534
11912
25006
46201
8271
44599
27345
39939
46731
9351
57797
46107
67536
25267
27295
20236
28464
21505
8541
27727
61476
29125
48550
30662
56441
26643
47266
62662
35625
42235
14979
12790
44042
61577
41598
46030
40440
44982
61904
16323
60988
14500
10401
56515
13534
36231
67422
24376
62544
23199
31708
69087
35970
8240
56410
31311
20073
63721
10006
30130
17358
46740
27072
18660
61209
38418
28853
11288
14987
65910
54290
17217
9461
35483
7726
16567
12017
32143
43738
41590
44351
40169
22090
47593
56740
58727
25719
66298
50787
50698
63399
25086
42861
60595
19421
62355
38409
14214
27130
43667
23967
50541
44278
12984
40345
50483
7583
9685
50451
27267
30744
11105
38891
29190
60918
50365
46469
36088
19216
49894
28192
24405
36419
58664
40051
42488
60651
38731
64942
60592
47575
16596
35426
19177
18285
24975
22757
59353
10471
52586
48353
33707
46744
29172
9012
59508
21657
10280
27870
21800
40490
30574
66987
21558
8204
54860
45769
68404
61097
58870
41199
48446
13200
45932
11342
15897
7152
65864
61436
66586
35295
42024
35437
48411
11169
48026
10004
23691
24087
59384
45968
53668
38130
59269
57863
59653
17057
44997
28951
7184
27606
11960
16369
28598
68215
47892
31784
56219
25954
20251
51982
59291
48610
58055
56298
29731
51320
49585
35376
33488
19048
44730
33838
51504
57708
57865
41651
8525
48632
43665
68101
59019
62357
48344
38179
37216
47852
66046
64498
57460
68165
37495
41849
49970
68588
32887
64908
12438
66874
18913
9448
39287
14049
30820
46637
27296
55651
26100
7375
29129
23586
16746
62021
7787
46544
55328
24799
12510
31226
57720
20705
21864
34940
56222
14051
45553
68787
22708
46083
9364
59103
59358
63250
69151
27852
38679
66407
19693
64659
34075
26063
30242
46516
14520
7333
13326
65751
36816
28103
67480
23141
24039
13786
36978
13621
22635
39313
16927
17566
51932
57122
37645
31343
64282
30968
29915
36715
66023
46677
31542
13816
52414
60349
25485
61041
41818
34606
51360
25208
56501
48921
43693
31090
60682
65933
58457
32744
29161
31359
15806
55691
15511
46676
45890
7835
9212
8717
7191
31831
50227
39165
61199
33208
9812
29282
9126
32632
63857
11393
40296
46160
37354
17839
41204
54343
59439
50211
39283
28201
19296
49244
63337
15423
38889
16064
21651
53456
52798
12446
69209
54797
28924
29632
11380
8877
7184
51327
37561
16210
19143
29284
14274
13732
55088
12745
65577
29164
39908
61462
36287
63157
10003
59674
58921
14576
21168
50465
41906
25641
45892
68072
46247
51426
27963
47930
42579
64009
7385
44446
7502
40059
69004
54522
51587
35545
26653
43415
60256
19752
25561
18695
51913
29914
58014
58884
20089
38900
23857
63347
21335
39510
8220
50816
6982
39257
25815
60556
12907
65890
38851
42148
61221
30332
19760
40481
16063
54844
44436
51324
66623
14356
59117
19803
8562
38006
46109
16246
27016
11318
52542
24082
9456
36242
55982
46487
34879
67747
64769
48815
52296
19302
22931
37959
12622
48861
21709
17362
31341
35168
12830
55384
47975
62035
69360
20151
25700
12956
68136
45249
38868
17289
32513
65860
36928
46448
15380
19342
68089
39290
29016
58935
49516
32083
12828
51581
33783
21966
16812
50546
65671
18924
55684
23892
29836
48226
50369
15277
32182
9598
61462
60103
66848
50795
24339
26769
30822
41066
41903
68634
24116
19461
30558
65468
21234
62135
8305
53745
55481
35616
43481
39552
19946
19599
10485
16507
34794
13865
28116
15727
12457
24076
35402
34242
54476
39656
36572
59767
8489
60857
16785
17214
59342
67611
9903
8637
65970
60719
61090
32330
32890
16368
41723
51707
57860
45000
53529
36124
28880
38945
39537
19982
61755
34575
21737
25255
16907
58768
32099
36313
32545
43985
35842
18815
62319
64677
10213
47031
19211
60724
32000
66043
8790
36086
47431
59683
24946
11319
63665
30318
26431
26368
60329
54305
29236
8623
26476
58548
9485
16559
57183
51383
36630
20112
36452
43738
66193
49774
36001
15682
37056
13972
52742
67756
53538
58441
18978
43455
10332
7577
14755
31215
11114
8661
19698
18408
42733
52814
35026
48790
10521
32826
63497
27814
48413
56822
16262
60448
49063
55748
48156
58703
50240
35278
10194
35118
47242
18072
40270
18210
67900
41165
26638
34020
39060
46108
24740
20298
12133
23104
64228
64294
44763
20105
64919
59746
13147
57642
21178
60768
50629
52049
46430
48831
55968
51745
23679
22679
31029
12620
35525
67546
19437
66303
33367
43436
67738
24125
48123
42700
18723
62241
35488
48956
45833
29859
37449
44319
48184
64886
12454
65363
17686
54134
28306
29387
50917
58638
44435
8562
37014
17610
41493
40010
18355
45562
29523
45416
54267
50383
16394
56953
66185
34633
39424
65429
58998
15830
22636
56296
15613
22994
36122
58622
21103
41341
63845
52165
68224
50664
28854
58828
16391
25253
18328
50238
38357
26272
32713
45650
30084
41928
10291
53404
31119
43417
43733
51857
25151
63664
59534
55622
39525
43722
29001
25316
22255
66861
44444
51660
25920
33585
38881
30134
55871
66520
59616
24497
13494
63641
7972
27196
64248
29542
56574
51361
15303
27643
61247
17321
36548
53918
64659
39364
56785
59603
7907
31069
28864
31009
18139
63646
67088
16123
41484
53792
47716
66866
48216
45380
66682
66724
53603
65830
53153
16706
33387
48608
21898
52623
65964
52386
25564
30995
37217
45906
8024
28892
7271
25148
55382
58624
33613
8576
59293
8655
48165
48084
34902
14666
17921
15659
52031
24725
66425
57803
65964
62874
53934
63681
50668
7385
33453
18703
56095
19484
31440
52488
59025
62624
58475
22190
26920
67364
7270
34617
36703
44962
52306
16196
63728
22632
27156
48119
19332
54566
11018
42974
20180
30625
54425
68858
56135
61167
49955
45288
37229
47051
12140
52287
29280
8401
47179
15416
15868
46581
30122
20224
33377
66820
42428
51404
21380
21085
43840
47038
7413
68273
11090
42267
56962
57029
25529
37768
50923
20154
67934
15629
42280
67933
66559
28182
63588
20996
58748
35865
64709
67397
27313
31976
60178
61542
35625
33109
56604
48739
29926
21205
30973
9564
35511
12666
15690
15716
37214
39401
45415
14384
53733
55901
13588
32140
64741
44193
7923
68758
8868
65597
29598
29280
25177
7615
51767
55639
32360
38414
57107
59935
37764
38072
55494
21866
29596
25218
38591
41665
29307
52481
47832
19599
63616
43552
30006
56294
33204
46697
68036
51855
30886
20964
38969
59126
67545
24479
19991
52488
12994
39809
18135
26423
24987
46302
7009
50866
49899
61005
24438
33493
16408
66109
39515
62048
56092
36363
13770
64741
34584
49198
16586
27507
62780
37885
13435
61576
22579
61603
21327
16239
17532
34758
20474
49489
51878
48758
21555
55609
42589
49367
35950
41985
52361
55969
23664
32944
63472
22322
35195
29194
53719
41200
38572
18944
19076
60023
15137
55580
49913
31601
32210
31197
8212
31555
52719
16662
42771
67100
7799
24164
56419
13418
41592
16118
23987
22741
58153
31768
9878
23860
26652
52217
44874
14963
37497
30512
18153
28834
68336
45457
49146
13815
17234
36656
22229
16884
13776
18074
17616
28065
44691
64383
65379
50497
20092
19434
24317
17394
20888
21284
37672
36928
9404
21199
37289
59092
8744
16447
50849
17587
28645
44238
21938
54561
22314
63986
23186
16987
21251
38009
54158
15425
29350
22384
50900
66967
56839
21513
48733
55142
57096
45952
24032
8909
66996
49790
54813
35668
33439
46850
19446
32048
7850
31848
43664
53066
33397
33680
65656
65759
60144
31580
24934
49275
21319
40240
59007
13435
27771
16561
67186
35517
17471
7839
67910
49396
16214
27320
25517
19838
11967
54330
68923
27107
47509
63742
15073
30350
32381
32217
53997
22205
30686
9111
48773
63286
16168
69046
14230
67656
68506
42924
26568
32160
25468
57384
68010
10811
14839
45610
49352
48829
21226
59689
8075
39701
31903
45352
30162
41694
13556
62664
18909
49840
45790
66043
61147
47875
68008
65090
35586
47521
26542
38290
15798
19810
40392
13582
31074
23565
37806
20014
17348
30653
39713
36834
65149
34976
32572
58105
64970
65924
9786
46021
24372
56391
41526
24141
42653
20563
52283
30126
51823
23117
66106
8867
68488
16883
7680
63141
9927
65704
45076
19694
40212
46676
68473
32556
26686
9926
19273
24964
64724
53674
54865
48188
22220
21599
41556
36599
58599
58779
37754
17527
16942
50700
9361
17596
48116
18176
45865
59964
32353
13393
15962
56057
10093
53637
20028
16067
14064
35310
43308
51059
19639
57624
22448
33115
16581
29677
24954
43127
13685
37102
30526
8653
67611
36077
27170
12084
14075
18992
35932
11069
11462
24203
32127
31797
12962
57310
67293
8300
15358
34108
46312
33646
60873
45728
66548
57034
46217
61509
9660
22723
54741
18090
53168
13856
57207
30989
62551
55092
52947
15517
27436
63658
8360
16011
7863
56711
17288
61850
68553
57500
21254
20228
40982
29292
31674
49260
59136
28477
8598
33058
15689
37326
32156
35339
16490
45857
49926
29959
40019
6996
44301
15960
58053
46499
42987
58068
43136
51059
27832
9593
54425
38578
42774
68802
16538
16129
49808
23928
13439
29866
19556
36254
20055
66477
31457
60711
48383
52528
11702
40010
53724
51200
52821
24652
38665
28946
65810
52204
41730
24247
38542
34635
55951
31207
30366
22150
59923
60891
38948
7014
46234
48285
21637
54987
30272
61605
43360
24671
15303
34774
12050
24496
22546
26805
67889
55054
16710
37901
28674
42792
67860
18469
66514
9484
8691
66328
67256
37430
17135
48108
23742
58798
30016
62753
24438
55096
17363
42077
50849
19086
21802
15846
37507
23768
33296
64587
30690
59404
28061
42340
57533
58039
36093
36931
37295
45536
57547
59887
52419
56214
61937
37255
60818
48772
35304
34431
55880
13665
33613
67312
61601
34729
12452
9742
37046
9768
48654
21354
26588
24038
65932
60965
33315
56286
25596
59725
65895
11561
26449
66619
22559
29593
46647
39969
32552
24811
22188
14598
18059
49381
42766
57157
37874
21017
40074
35612
56434
14542
43950
54077
30090
16797
61259
31529
27773
18685
49562
12513
28203
67196
25998
42478
55664
29396
23211
68892
40025
8319
12513
9187
31404
69112
38654
24087
12985
54193
61764
30342
44891
17113
62348
56715
63272
65945
63785
11880
23088
47105
58396
24303
22713
14167
26740
37990
7280
67389
9203
12330
45018
12177
43837
23902
9027
42028
38616
46612
60117
65531
26660
18907
40228
51400
68055
61113
12249
13337
37608
54126
33133
34831
18483
35265
17403
17935
28673
51650
18548
68339
29133
43072
30065
56922
23930
15286
66430
66245
64652
36685
15316
17895
23359
43064
30479
13195
64122
36737
13764
11411
9736
33400
42360
10894
65646
33631
14954
63147
39697
36156
57340
36338
51009
23083
64563
28155
14732
36060
50543
14345
8096
67850
67288
54703
59717
64877
29551
48076
65958
7282
63196
43023
28571
32206
44660
41705
69231
12509
24458
68703
8988
30416
7686
53123
66460
42339
29165
63271
53107
40637
31715
39206
37802
42582
56758
53306
39109
64269
28156
40732
34162
13675
15763
63204
63696
12986
42306
64109
7887
16742
19400
29711
44958
68590
59388
45354
59949
31189
40754
44963
30189
61391
13766
45849
18935
29146
55433
10556
55306
39016
14231
39955
8893
57659
27419
50874
17862
35242
22656
9605
43221
54881
37419
50798
39495
65909
53121
49567
24422
66402
31646
68245
63782
32333
47114
40509
67557
37802
23171
62641
28568
59099
43396
15108
65889
24231
62209
15738
7128
40360
35028
35936
47491
52258
13609
38052
11562
68573
54391
14874
67358
45853
33551
44353
68426
36802
58689
50451
61351
24423
28823
64047
35092
36938
54582
49609
18588
30008
55079
16339
22060
63755
7470
46329
43823
67910
29301
50760
54675
65018
32936
33491
18318
45883
65755
33560
21152
40793
31117
9582
61736
26199
68254
53286
45756
39106
24543
42633
62806
28969
28447
21601
21065
56819
39180
15352
53651
13609
64254
40147
34395
59129
25169
63681
34938
33437
45634
33317
66773
65056
20440
49865
60531
35803
24543
22446
13095
21576
63933
53618
62346
34454
26154
22285
66665
63913
43935
62948
47451
61022
66942
17151
13876
46862
22802
48052
48780
65813
28868
43282
12047
18568
22453
49073
18820
9827
17982
29495
17657
8803
66625
15339
44832
34364
66687
20323
56725
45377
8329
37732
8215
34686
53310
46241
9283
21087
48142
16889
34869
20780
59859
62765
35498
10738
30626
14410
64246
8317
24212
67419
54950
41714
65668
8586
35075
11823
26477
33852
11473
42979
59007
38122
60210
61858
30316
25507
51398
24313
35205
63136
23779
46875
27915
43914
27533
54492
55246
27209
66122
18245
26909
56108
22140
28107
69060
12870
9200
27995
18366
57973
34298
63417
14128
9643
52588
33596
66872
53315
63580
16107
61664
14789
18145
64490
25361
66636
22385
28182
56197
24996
44993
35616
12353
44024
64028
60425
55014
55754
31134
12466
52330
19916
39030
22214
33578
40497
58091
11584
52865
51466
69058
55878
17060
31735
32064
27684
36428
33641
53116
22947
40560
59894
16459
69405
30540
49035
35709
58813
23625
39055
63973
31896
32585
44709
55068
51356
59006
11603
65107
56905
67898
58145
14276
55877
13314
40645
32229
27550
41778
34090
10870
57072
36480
58454
40496
8412
44034
39370
43283
48139
53702
31420
22029
33813
49461
67520
46140
43445
54988
24953
25836
51694
20780
45090
23686
11525
37037
35720
46596
68564
14941
19812
59430
60193
63251
40273
67450
28941
8680
52613
65174
61063
12320
36060
10382
10248
18447
11371
53757
18891
54028
29265
41358
34751
17445
27420
32004
42674
14423
40443
40628
30682
17815
36973
10206
22241
63552
23637
16891
62587
8716
24176
66990
25065
31613
24144
9200
30020
56129
37614
62881
33212
65483
22243
31078
60704
65240
38281
62090
26688
36637
40695
29420
7426
39095
51550
61771
46434
29455
37391
35734
24246
14532
29395
36529
10477
58031
31390
66267
65821
40987
7903
23922
38985
34299
14549
44275
23892
39637
20684
34547
28516
45988
23764
19991
20823
67445
49247
19486
14000
53728
35406
10227
51349
13599
68080
33339
57345
14001
39979
46362
28404
47327
19857
19169
21216
53290
15975
7387
25656
43812
61914
61760
27217
36228
57005
28594
19938
56813
42683
54247
36219
24640
50083
44439
37341
51985
61202
60660
15301
11971
34086
65993
53104
68267
56779
32908
43320
59734
66232
62857
68776
65748
14736
49852
27218
25774
51195
34982
42010
30490
68142
42582
35581
22520
28320
20447
49534
57186
44334
36770
66815
15268
14923
62013
28114
52029
34882
36192
15368
31665
64261
68022
44910
23108
51713
39012
47843
34188
12537
32802
54836
67184
53876
8741
11145
40007
16839
62330
31263
32803
60538
28942
53015
34110
41744
32858
59489
12669
16635
53538
38812
8392
11594
21226
36190
66067
19902
41436
28053
60902
52072
59579
66426
42910
32320
65247
32124
36525
12539
27398
69101
43839
24208
60357
62726
55170
17320
50103
67776
18701
68814
51996
60285
30798
17619
44549
65466
59088
56049
32198
14275
66460
27956
24161
21240
65884
13379
52198
10241
63796
64565
9215
9486
24912
43373
10436
13601
17126
34956
34117
68504
50704
57541
8053
23850
26072
60437
35899
67074
12751
65821
32901
8138
25259
50247
34511
32547
15521
65440
20871
36727
66552
29985
20968
23816
31374
67601
24807
44793
52960
8638
23180
29101
60955
27644
17884
65330
62748
40236
64670
13876
43302
29192
25817
41107
52232
64091
25791
32920
39044
42202
34554
11433
66990
57906
34738
23734
64520
29689
26505
9952
34054
33182
65657
10248
26830
9860
55023
10416
14749
51822
7983
34974
9109
24382
47094
41552
10129
32870
64125
46128
33578
66558
14206
12364
35534
9316
17036
29058
24889
16138
35185
33874
45890
9580
38476
23743
41323
55167
47330
28305
22442
7556
47435
45095
29352
18957
50454
49965
57917
52399
56498
37807
57661
47500
21906
34409
38904
44268
36598
47165
62774
39334
43007
53963
38459
56958
9303
7823
13707
50241
38672
36401
28812
44681
17764
11913
57299
15709
23301
68575
26459
35371
21859
44383
35168
22660
41672
25740
20563
8703
10520
46018
65425
53084
24384
59092
46053
22516
12459
58086
23565
43208
18363
34493
21734
37003
39888
10447
33670
46011
46971
15341
8943
34255
13314
24342
62664
59747
60719
12090
27580
69033
27385
18154
13147
11659
57079
11079
24891
53430
36881
35620
17319
11484
63676
62366
21439
29960
41980
61135
61012
15742
27650
49742
63534
9693
32364
40216
15755
33781
18755
37848
67315
58884
31555
40956
13230
58051
56423
50641
37259
15017
16868
39232
59891
45548
22950
47474
21604
48559
58076
64488
46771
35633
64960
11885
22656
57233
7481
31403
19305
39089
60139
13742
7248
14466
63397
21764
14660
16068
30452
45655
23652
50306
7932
57743
35723
8776
44633
8106
47994
58066
41721
45152
20915
15036
51896
52477
15928
31915
29185
31796
10836
30675
32247
55273
54387
28411
43679
35027
25583
15807
26167
33747
35418
30031
66361
61688
41741
25331
52679
17457
58705
64242
32870
59093
65684
37546
50223
26328
37974
18323
27672
57234
38066
39878
42452
62760
56305
22651
34407
62728
28406
10244
45588
33080
27968
23123
14591
51551
44665
8475
31990
24170
12530
45163
11083
46134
57335
65554
46775
30007
64142
7510
60984
44492
13423
65398
63559
48428
53698
63935
50916
20545
55280
42407
59807
38354
33763
69093
56962
26600
27838
11993
39717
24638
41885
41420
36395
51972
29926
9345
22176
31995
32711
38583
57415
56944
48178
31401
55978
18828
20163
31550
32272
20646
25763
60026
66871
48552
29936
57773
23372
46615
50187
55098
27670
24539
37427
10705
29255
37499
67534
23180
38407
32763
33172
68092
16477
42234
66321
63379
39327
62162
64611
48249
49035
53596
56245
7053
13581
46810
44547
64761
34814
50501
39789
62265
43347
7459
13397
16628
32545
17129
25085
46808
11146
35039
63634
65827
57136
60434
20070
12106
18024
39249
53445
36471
43679
37606
68491
25470
19094
51412
19805
48065
22671
30566
49851
28817
24905
50268
68626
44862
42049
21731
62936
60013
64957
22663
53766
23476
30935
7848
40834
28318
16291
21080
55093
9319
35415
27756
59471
34954
21146
23593
56688
14829
20980
16757
46751
39350
15042
35895
66147
21496
9096
42014
15156
35665
14148
55189
68672
57903
41258
66249
41036
9526
23687
63062
44433
19032
54211
24501
25885
23976
19123
22294
29601
16234
16015
63635
55705
43001
67072
9189
23133
17697
43511
62649
25757
51606
37594
12136
37027
45892
48682
21452
18222
23190
27286
21807
61322
38139
15176
67671
59113
43725
49637
44213
55507
69186
10900
20898
59954
59476
35232
17251
38431
54176
32884
9723
58033
65288
22508
35268
36903
48629
10382
47672
13410
37426
24884
8485
53891
23511
68383
62566
13461
64732
9254
9985
12159
12213
23993
66466
11493
61457
66154
44504
44155
35626
19945
66183
17849
60444
12024
26656
22724
36107
13702
55828
32484
43844
8382
44038
58262
8811
64928
44236
8307
66954
41958
19302
8697
23760
23891
13239
61690
21648
22492
54948
53630
15266
53162
59402
55172
40921
25286
34396
16312
16157
28264
67470
48997
61672
61782
17205
29576
37917
7811
40740
21725
49649
25351
8675
36609
17181
18392
34086
46106
42828
21827
47782
47323
64493
28041
26720
56727
37697
48757
33230
42848
41503
39663
58628
9404
67756
62853
20420
29193
17491
40397
65470
54889
58136
13799
43260
29079
13718
60290
33486
11174
51131
63658
67611
14999
37764
49879
8257
23088
47334
29521
51113
13588
61869
54775
34889
13156
33072
66663
36266
7343
68094
27222
45456
21571
45629
29348
21760
32969
20993
55987
67786
60621
56857
41161
48549
57477
40767
7823
46692
33754
61975
62035
39287
25955
57794
18474
10915
22237
27874
26216
40136
68684
7339
35339
29638
68292
56739
59067
53349
16345
51598
44282
25769
56360
63257
69184
57589
18278
34803
12737
9513
64361
69079
12460
26053
28530
38964
69096
39679
39992
9664
54172
58733
35713
17756
53254
45931
37689
40452
66721
42481
29532
46530
16564
49076
66298
57860
66656
17444
45177
41719
66032
50560
68187
53823
55976
36635
47150
15532
24590
19564
10984
33139
43257
45689
22174
8895
35023
14262
50524
56314
42173
17492
57671
55643
38354
23298
14754
44772
69194
33296
26370
63557
57357
18688
50171
22749
45579
61649
30851
17875
54434
35506
42496
57964
18065
62931
48473
46542
66838
20162
44564
30230
41874
34146
12486
64983
21682
18256
41273
23469
39202
48521
39769
11544
54614
16108
25062
22894
40754
68504
12754
44915
15244
28489
38005
15824
21713
53004
58229
54978
10857
14131
51432
32331
8734
35339
58646
45427
43177
11622
60575
61721
19628
62013
53352
10295
26328
23955
42039
33649
66813
31026
13001
18483
32970
34479
12195
64136
43399
36868
68380
19015
62173
57354
27040
35017
27260
43001
39137
16429
26069
44733
48515
39319
34903
65311
41078
67557
43106
12204
33878
54599
33639
17550
7262
49395
37404
38297
63652
12345
67911
58082
11247
20060
26923
37531
68124
65087
41800
14295
64105
14238
27616
60256
50726
22036
42518
7248
55868
7662
47230
56744
40314
19464
21689
45420
62419
68533
51528
55776
19018
68360
24455
53659
60600
9850
40693
44483
34630
66288
30723
58701
54000
17812
21701
48606
10214
55727
60771
53605
34554
17947
38387
20265
59954
58878
26732
44959
55070
26744
51130
42064
49510
55907
63090
44598
66775
16572
14365
49528
51488
50204
28419
31453
22018
7959
48816
54457
16696
45474
9626
26824
62462
21985
45578
49455
11924
21241
49389
58622
64264
45025
53920
17347
50670
62800
15791
59964
12727
39909
23102
9005
49464
56398
43107
24784
23702
69417
19935
60415
35527
15794
37101
61170
42165
43663
51418
21706
65650
53646
45576
10661
25917
44546
68664
14656
46854
16141
49909
54505
68924
39108
11308
45622
19111
21027
64146
23666
42423
46314
19535
48676
64902
59536
49615
68538
52736
55619
65054
54415
16214
59026
30076
45143
50784
59344
16942
58414
49542
50384
35413
54130
67675
15259
36702
17417
57673
59523
24988
66644
67318
57974
37604
48382
67056
11151
58857
38395
10393
54405
44245
48015
52425
45083
50577
48377
62916
17074
64508
41999
7032
30187
40920
28474
38425
43113
23356
27827
14005
18659
38783
9971
38303
61643
21140
28105
56738
7209
52392
67699
54609
57134
12844
43158
38953
13946
46389
52403
61862
8768
29375
10887
55205
21158
24403
20731
63138
55591
17561
48099
14310
27441
37554
24776
42856
21264
15843
57903
49891
44814
29293
11796
64705
54788
12706
33243
65987
62863
46845
16791
18857
13696
15598
55195
48774
20400
39465
51848
33932
48044
38462
20006
52436
49099
16898
43792
28834
65320
57755
65776
42007
41366
15926
59484
12201
9886
12760
17322
60191
38086
25956
58410
39263
31534
34967
67220
63370
64662
47705
15731
53800
44650
28611
50715
30074
44174
49025
60949
14980
46810
65489
69382
26158
33442
22874
35664
12832
13112
22861
37862
25250
67713
44807
43612
29109
12130
17536
62645
66427
55464
35690
30061
58063
11905
68428
54519
57486
13352
20913
62455
42223
62731
67563
28496
19588
52412
51461
65826
62846
61670
20688
16808
68729
10880
56558
17447
8777
20921
64303
42986
53217
30692
61319
16885
63389
25042
23987
19893
18573
17722
63126
36991
62974
60247
45973
18840
31922
65211
26738
13101
26305
35335
67790
9528
67677
44609
38376
51289
19647
28904
67905
65085
47415
19773
67973
59101
34351
9250
41643
52808
14105
57687
58855
19687
22769
55652
13929
66087
17461
61690
32791
60438
31549
68730
23030
60267
27491
8985
68743
16635
63052
25581
13120
41617
57832
68620
30629
55014
15036
33311
10787
8219
25567
55827
47432
24328
22585
7400
17200
18342
33958
62411
48542
52092
23642
49898
12588
24524
54686
27733
44502
61271
58647
13536
46398
15289
37910
60389
22986
18844
30851
65493
12946
61191
31266
15842
25255
21737
36917
16805
14375
14303
23529
6985
65943
46088
56629
68003
9126
12275
30914
24809
33525
41503
21424
29933
53319
55503
27411
28068
56368
49843
53793
65518
26453
64676
17814
49056
42262
64154
38633
34225
27417
29061
47346
39067
22907
24126
28087
48558
57306
20726
41525
25292
23346
50998
8882
45509
59972
10304
55745
69403
15861
21074
7569
15119
15469
45113
44134
30197
13847
51379
23446
50723
20262
11424
67086
39855
21016
40035
61210
58096
63042
49868
7734
13140
17660
27527
50252
6974
10113
24359
51889
14719
58330
12317
61367
31700
17634
42320
53633
22202
36681
69102
22986
10337
9812
32690
38551
62973
48235
22128
31110
22486
39709
41977
23145
31814
49705
59370
57626
65713
21145
38484
48585
52055
61120
7527
40816
9044
31825
26995
12544
55535
14140
33719
49085
27472
33055
52449
18453
59985
28086
20803
60746
68619
67834
64767
58540
42322
13625
34206
65417
13552
35930
40170
8732
67536
33247
16868
28287
42380
19966
58346
60791
63443
52153
69148
49403
49268
27779
57723
25622
58155
49209
68913
35670
55348
42677
35055
36458
45225
53348
58853
17932
40477
48350
11068
65927
42114
47070
18515
67257
50209
48844
52892
20755
53463
26164
10659
32349
17114
25993
66948
56291
15511
61376
42785
33813
47657
16200
35922
7578
14101
63658
18681
12376
44606
37124
33234
36832
39399
46313
19314
43678
34125
53639
66533
65827
68588
32006
8808
63008
59907
9215
10566
57267
60778
52974
33591
46895
37494
40605
8268
30319
44329
12682
43834
62466
53772
57356
53305
25285
62141
13762
64779
52041
44590
66627
11132
62876
14677
48487
53697
49042
13260
68079
60700
64154
37923
20877
40531
10917
54110
52391
37894
50996
32070
66244
30966
67624
28108
44695
46476
41727
49083
15082
10098
64766
26797
67445
32448
68628
27163
32845
40582
56660
9499
41749
26973
36730
52808
62763
26195
16263
19425
38898
61318
32735
48156
65625
67116
49139
32505
60028
50176
15424
11598
14449
48720
21935
60392
56505
63346
31752
52250
61014
61063
24017
30922
56789
47525
56855
56553
11409
55926
25358
66235
19868
26165
16107
36643
52088
50742
40159
60544
61586
36556
51116
40987
59450
21822
34436
23866
30611
23108
35794
29377
37432
40835
43320
37656
27528
50432
63809
22197
35468
7218
57087
8287
28117
21514
18115
30681
8454
44168
43479
35351
46243
67502
24442
29423
25378
29293
32035
32943
38395
13222
15336
58940
34942
53515
37938
50899
26705
47892
61386
39737
48580
27660
13775
29637
36306
17901
64036
31931
30841
64057
57417
36448
33288
69299
54918
25774
28231
31384
60596
36138
59413
15922
24505
45012
23951
27728
46241
48143
37981
65891
29418
57774
65280
58732
31860
19421
52475
20471
59289
41041
19335
31760
45753
12917
67457
37528
33272
11762
26719
16372
37416
52892
61417
19882
54772
55852
61770
12120
55447
51416
64761
66066
59976
56866
67189
62682
26691
37113
53047
60310
45671
26632
63822
44920
47660
59220
47675
65311
16980
24987
48752
24924
67745
25654
43455
62829
12062
68822
48834
17458
46274
42440
9815
56918
48789
51626
7886
15095
45174
29100
10011
59565
16164
15857
44987
57232
24482
12762
20998
29980
55800
18266
30552
41344
64055
60193
28533
35099
69093
30784
44428
16854
10006
41119
10373
13588
64455
48727
47747
62804
17145
67917
60751
56596
47212
48505
67210
23026
47135
50018
26855
10577
38847
31980
37143
8310
56179
33930
11976
59191
46967
42024
17983
23109
33455
47816
23706
20504
49976
58541
54579
58167
14824
45022
41361
68205
59570
48325
58936
26010
46836
19878
56211
13911
7568
61407
21547
58583
32229
19504
16673
23217
27973
22656
13516
50184
40373
36727
32701
48816
48646
36805
55607
42922
59675
32907
52938
54475
67701
19178
66874
22309
63544
9645
23323
62391
46925
43861
61883
7348
55174
50881
54487
43221
65246
34831
66385
38209
34885
15029
11846
67061
13480
36137
15791
7982
9973
19569
38870
48481
17227
23864
50549
23470
66881
10980
18734
26720
47055
19143
44085
25441
39556
59433
31245
24347
65990
48466
30342
33835
7342
48576
15106
43292
46601
52780
11144
49110
40223
28413
30967
32748
33096
40443
58358
46294
19827
55906
8316
36143
38346
36754
16602
56170
56548
67906
18818
36633
57697
13322
32201
16770
17660
24800
15982
9350
21441
11576
18347
55709
34488
57515
51935
62104
58719
30725
67686
11201
35568
54573
18527
43021
13180
29719
54861
68945
51065
9914
37260
41120
12450
9360
50369
27032
19508
29304
57676
65039
27933
64092
46591
30519
36185
46291
66251
41889
47120
50153
8469
20237
7339
29392
39725
9628
32544
20670
58729
32128
66709
42261
18137
53423
56554
19959
52443
62853
28522
47315
8001
34951
19126
67014
57508
63428
13117
53551
68497
35382
26301
19402
24752
15389
21400
33960
67244
17699
26927
38861
61811
46320
44500
54518
35718
39035
46551
7442
69285
10915
26206
28384
16138
49379
69389
24882
26746
21595
47071
33728
39288
49536
17319
22525
34128
66739
31925
7835
37764
22397
33007
12252
63654
7565
61524
55094
43279
37667
38019
68925
62992
31607
66997
51048
62215
31513
64988
38573
56801
19255
18710
64802
42272
28153
38562
59517
47438
40595
57376
56111
7803
62843
37716
32686
8381
60840
17576
17465
54122
29999
33498
47237
52196
12985
47756
50049
16426
52569
18524
57688
7490
25219
56679
23343
44000
7055
52832
12119
30416
28411
47113
68179
66550
34333
67392
42336
68424
63839
16857
11295
20599
44422
16704
57515
40213
63660
42062
30442
23472
38827
53833
15500
61032
56738
63293
39279
11413
27715
59379
40863
20050
36973
24805
8425
52084
65498
8523
33699
59574
30836
47372
63255
43399
54259
19292
7268
45781
62136
32058
54748
63893
15852
9192
7966
28425
31821
8003
33659
43074
62704
31614
62488
51354
31561
8258
59761
22699
13493
28979
45361
34304
52226
63120
30221
54499
14553
38223
57788
26418
53499
51231
60176
10849
58912
23022
22668
63201
33529
59897
65478
55228
27014
29100
23754
16772
38516
8483
33283
19619
50188
32915
58100
65564
59495
28543
31311
26993
32099
61134
6978
41857
19613
54239
41969
34542
9488
33288
64695
10294
13352
52106
15240
42216
50284
56857
59399
65907
47159
8473
62621
60150
11416
34812
46238
12115
48916
30598
37242
61167
65731
46367
20656
15600
24573
56151
22276
15776
66372
54088
64000
58110
62011
67929
25019
48720
49806
16430
69119
30578
33331
42359
55787
61592
12252
37817
47543
24906
65886
48910
15986
34436
36442
54908
13017
53429
23064
46511
63268
52091
51747
40453
66264
8139
51137
41785
15739
28855
67537
62328
49253
38106
50769
58407
47208
13889
7639
12336
51548
45568
58119
26870
41773
68003
55023
65405
51604
10156
23083
47823
16443
34613
51403
26532
36959
33384
24231
19924
46741
48994
25705
68476
18846
60434
54677
53962
56384
33976
8601
57996
45786
34275
20101
23287
25893
59447
36983
63902
39651
58152
29844
57904
12287
52014
50339
61301
19621
52108
43645
42662
22621
26925
65438
29215
51200
63276
20880
52339
59279
18013
10251
15994
13315
24534
51619
31424
60047
15419
42203
66895
55539
28608
29165
37394
68719
35698
17005
46450
51131
26940
37074
23923
41601
37460
32906
41031
40762
24654
39047
15418
29397
25875
53186
40001
27405
30981
42935
44833
60659
23606
43383
43464
38513
20004
55831
20957
40187
61023
34088
57448
21124
60174
46556
61959
46260
24364
29509
19258
59035
56607
14611
63039
55524
29762
10626
36749
63186
44184
41185
47630
41835
38148
12202
34440
53870
62794
62205
55494
17931
60778
54215
56954
26278
40164
28159
37995
60432
69189
67766
47454
55801
13663
36279
19096
32169
21384
19125
62655
23809
26884
36056
24501
13288
20758
58538
51427
15074
43510
43353
27307
17206
53219
7093
34986
9730
25733
39765
57360
51281
31824
27808
27176
48601
56543
59517
51645
10898
67265
67696
67510
54521
30973
23046
16041
64677
63691
53394
56611
30546
40336
21798
49577
42803
8262
9339
42428
53348
46407
29045
53575
37882
50038
16678
11568
16634
43268
65130
41471
19301
67580
43330
11752
68691
35936
38581
46401
51970
54723
8853
38735
60999
57715
62010
29654
33917
63818
26183
15635
66528
50692
61191
38242
59972
49012
21337
41092
57534
66136
47447
22065
53767
53895
30046
23921
25203
41608
13016
65588
11871
52846
55207
40882
16808
63536
49756
31202
7469
41567
36577
64761
19729
50018
67082
44502
50270
9407
19544
50112
43112
55999
9218
25269
17763
58304
57224
29559
17957
14022
46311
41436
10310
10753
42197
27776
46962
49447
21006
40763
49252
67900
35981
48234
68502
41484
56464
10721
54651
31326
40850
60989
19184
46593
51532
43988
32795
37243
44525
13618
16904
17924
7657
8974
68291
47932
45300
57405
68952
56042
29600
33228
66717
58239
22559
67437
46036
49596
32457
31917
61237
18998
34362
31432
15692
40694
55222
28775
10290
19887
37080
9522
14547
64692
20373
29237
25697
44597
8674
12818
51670
55387
58854
21252
7737
8074
50620
33784
21582
38218
38400
46527
51388
60212
16950
21151
30051
59188
46448
39334
38073
23853
60136
13778
51486
67590
68972
39985
37845
16107
36976
28288
24588
62731
32891
45701
53554
42119
24156
20097
20806
17194
32136
49499
36103
15495
41220
20847
60012
64284
49980
43836
11679
41799
50849
54871
65459
62378
63465
42703
65589
35521
51075
49019
50417
30471
63730
47343
65288
28383
35061
43606
28602
30377
55746
59574
36322
40031
22566
17358
27982
15114
34124
38713
67141
22245
12205
30135
33983
46705
10240
47744
51582
40538
38010
26941
16120
50488
24474
36539
31974
30949
38637
11250
56067
42958
58740
17699
54221
40325
65268
68328
40128
43004
38598
13248
34375
65614
53680
19957
7013
33292
10782
58869
60166
21746
26084
10800
26059
10365
59637
42789
36021
17217
33684
53539
8899
13775
49598
7592
18960
49080
10033
36713
9790
59555
48123
9339
25222
56743
51047
13056
65834
10204
68885
8332
9311
56430
37159
55654
49527
21216
14471
50065
33734
53493
64746
24200
17090
21461
44943
10549
22457
13955
33679
50033
26204
19864
43518
19062
11680
18423
32926
47287
38615
39309
33436
52066
59303
57321
17727
60223
38102
51270
7041
42916
61295
25690
11620
14965
52501
11230
64052
43342
9838
40638
20924
58046
39220
14929
9094
33890
35717
50488
66179
15019
22844
41878
12405
66418
10453
67045
63478
68326
42258
10510
7885
53403
61173
12808
56807
58927
39475
56847
54051
21231
11118
8236
68754
31929
58439
21767
36811
64452
47297
53126
65836
59719
13744
13117
16000
45122
65500
56309
63434
45634
56668
25341
31463
7712
66706
60926
38732
25152
60865
24602
22444
41672
48973
55787
55405
64816
67252
61507
25221
40548
33354
11176
53184
29422
56539
25053
12605
61351
13514
54656
56997
65371
11233
49024
8039
26605
15842
68208
58891
16788
8252
46880
33576
17445
8775
26081
27729
45593
58432
16421
41883
42799
48783
57697
58152
31868
27739
13470
45896
52358
37102
19398
40116
67304
10062
16076
17457
36445
23752
10318
53388
66655
43363
41520
45949
14414
33387
19826
19935
15269
41133
18628
28491
46145
16766
57642
24591
63449
39338
62492
27221
44279
7947
67989
26702
60886
56986
8348
26835
45126
50007
65362
42793
45878
58415
61448
60277
45524
51571
62475
49665
22917
16433
69359
51897
55484
53355
12743
65387
15509
66578
38110
22875
44965
56028
50719
28950
9402
63815
17842
55877
40332
53034
51715
66206
27858
60683
41693
41785
40207
68707
19391
40324
41424
32375
44973
13649
20308
12866
55107
19376
8868
46878
12574
62280
47959
55640
65793
41912
39645
57039
50242
40441
20297
38501
62496
48361
49266
32665
26999
17102
10525
23262
14620
12621
14952
29427
50047
62472
39689
11917
69112
19250
18754
12859
44410
39389
39765
67438
51506
18418
67057
11241
49610
23551
51486
27799
50459
12299
56827
25679
39685
21268
40844
50479
55326
27362
33090
19559
50550
58289
69177
9811
40955
27272
60851
35483
50373
41196
9329
55756
55801
32468
43815
8110
65068
7531
48466
54603
57140
23446
25082
20902
62099
62501
7198
43824
29599
13184
37025
47572
57941
61808
68637
10913
50327
54886
31408
44179
65057
54187
41573
15434
26835
65620
22251
43504
68015
46167
19899
15876
64071
47496
39096
14082
33129
41346
17418
12110
30136
37589
41971
44203
68847
35937
29789
28131
15839
55203
23962
33185
65619
49933
67578
19534
43446
30379
63201
68871
61923
23083
61333
48491
16445
54662
61120
26681
39501
61717
15494
63153
20811
43809
7173
35561
49587
16161
29448
67846
48915
16815
29264
49217
40720
68663
40023
30656
50987
14397
62302
68486
17560
14477
51164
28944
59481
43385
64009
44069
38812
41756
28205
53956
37294
46725
10872
14175
23210
67316
32536
45897
28021
54798
42189
30313
14424
26409
12116
15678
60297
24230
60100
26007
45217
44944
36889
18585
40389
24395
36283
11453
24173
67775
65248
24733
51264
63436
50924
57778
38663
8153
69018
54530
63599
45304
56071
17607
35701
44638
13654
44559
64086
22143
34457
48683
27063
27715
39300
16664
7006
65066
63423
35580
45445
33130
7987
31966
59473
40376
63997
14937
63429
67543
23582
35139
38970
63844
50210
20672
24529
9200
16851
25107
61197
32183
26960
37721
63017
39211
28273
55253
13365
46180
62195
22696
13981
41217
18922
66438
10304
60748
31209
46391
63944
6995
49743
49967
53916
7855
48861
24049
12316
51770
38164
30013
69400
52979
31478
26800
53959
52990
10685
32112
25692
46447
45145
58387
63688
12537
26622
8788
42575
37146
8631
59605
38732
19699
67529
22338
44877
52707
29697
41155
7923
62829
20227
10159
26159
29883
38431
24766
32835
59378
25202
58738
13417
39101
30902
41647
53417
53747
10040
64408
66845
11290
11709
18642
36003
7394
68782
22542
44003
68008
63585
38241
31948
65999
60848
13663
38340
42013
53043
58142
27223
18233
37827
12402
24892
25316
34554
28738
37471
7721
9844
22973
38220
53410
40675
60184
27694
30069
63904
50827
33425
7324
10104
69290
18374
14584
10389
56732
68527
18020
64098
62860
38415
60996
43963
60987
41269
68497
16668
64457
40888
40117
47035
16701
32911
21407
35061
28574
53662
42270
41669
42774
10159
54329
31547
30736
56464
46463
59532
9849
44674
14949
7124
54111
26622
47060
18201
32416
57488
7689
46600
39335
55948
14570
12352
64751
14499
40660
63508
32711
27706
12806
41887
40514
62505
51869
7540
41674
56623
47998
21410
9285
54429
25614
50492
21287
49032
33486
50953
51605
67927
27772
32074
46341
42482
26741
21901
36113
38427
7283
37407
60190
20958
24972
58224
8307
15695
29559
35207
16743
54133
21111
53870
30709
23098
14369
7375
29761
19920
29433
61980
58720
35958
37958
62255
26335
68131
39086
48666
9775
13375
26706
65443
7599
68366
39550
63647
24485
52890
29707
63876
32397
16080
43193
57143
26273
25136
40565
52292
8209
31143
59942
53679
7894
22164
59076
26254
27864
69403
65509
51137
34499
63815
68881
50450
47223
42963
15042
12669
35484
21910
59416
36462
50616
65440
55757
52977
32443
63538
9839
19943
60273
49886
62627
34820
63946
39754
27039
15464
10167
21208
50859
9190
39631
26577
44946
13765
55026
22906
12894
28505
9762
40801
47378
45030
54128
34827
62454
27941
55037
53158
59515
54466
55212
24469
57116
21455
35747
53695
18896
34211
68984
23781
22074
48010
59992
48078
15813
28483
17563
9759
63812
15952
62765
15962
23593
10711
29035
21424
18800
7145
61772
12205
19011
51865
60350
34127
30534
8169
39677
54782
42060
38199
43084
42221
37040
37621
44600
29221
14173
68415
19393
54934
13203
16249
64792
31413
32205
57391
31176
21449
27743
62593
27755
10845
11152
18635
50874
13053
53440
28943
63463
47715
35855
34950
59512
32726
59232
25836
65379
40192
63423
10279
57596
21885
64930
22131
22601
30586
58970
34023
11758
40787
58814
9370
34090
53503
23413
20302
33450
18832
50289
29699
45441
36348
54683
36860
8515
26324
48110
54227
32048
66907
10291
34354
22355
45458
25258
10055
34689
30126
39187
29814
68609
55954
38532
18566
11923
19757
54137
46854
27570
15039
19244
52958
30212
27767
51491
17334
34588
7259
9816
59675
61032
12939
12575
65599
57646
58088
40879
52711
23057
24247
64995
58899
51094
51105
19510
26716
25067
65179
17122
32287
11105
15449
36255
26879
57572
37040
47314
13478
20699
28925
51476
38555
55338
21895
27471
40028
17576
32888
13529
44096
52990
61788
24809
52235
50955
69383
10897
19607
14185
49864
52421
57082
57416
28935
20387
33050
23256
38047
15590
37709
26084
53068
54935
30325
48392
66308
9906
42092
31269
44330
47921
60411
23852
62401
12463
53823
45326
56584
16161
42158
46534
22594
66536
18618
7545
24979
20939
30770
69344
10750
43726
18345
49371
28011
54946
17073
26277
53328
36051
54221
13581
64578
42524
22922
53367
52456
57855
38528
31470
65048
32285
53795
56742
15167
15763
16478
56614
20050
15473
21860
15461
62868
42680
26999
29679
36798
7226
48473
15074
39901
62138
28840
44730
62804
65162
41412
50158
63376
52662
51357
53531
47630
11772
17861
29897
53343
48850
43850
13806
18575
8083
49190
51421
26831
12989
43356
62214
24540
12178
52605
10454
21777
61781
15800
48575
37632
59429
40219
36582
29248
67354
50799
56018
20861
59389
28497
34446
47862
69131
27949
42102
52162
30035
12715
54283
25736
34083
31711
18102
32469
65268
42190
62298
49176
58971
42931
36359
66680
13035
35393
33063
23133
19241
51889
24597
65806
22479
55108
21734
30136
50662
52651
65219
46360
48484
48212
46538
30129
12639
24144
23983
22513
49187
9433
18702
64148
49901
31852
63273
13688
25343
60725
13974
10940
64366
56403
27638
17359
62736
52656
66793
41576
22525
30056
62687
18524
49507
68551
41321
42340
47373
30128
37744
40459
68925
22846
18930
43544
21454
63458
46625
23709
35436
15046
11139
62189
51380
67861
20715
23491
36418
41760
34566
45359
15056
24999
36683
19130
50781
42638
44526
19630
47538
7975
62645
43499
56526
28670
44640
58555
59219
56529
11364
39564
50277
22041
29025
17807
12219
13922
16109
24507
37488
18484
27092
47689
36911
57028
16980
22258
26665
36635
62502
54159
19986
54433
52733
15788
58214
15976
36373
20197
8641
55110
44005
41316
41916
33380
13735
51142
25599
38726
68481
53506
31960
53149
29721
45455
44048
44734
12575
34065
11231
51477
12224
50965
56500
42871
49383
18774
57736
26902
53165
26296
13172
10907
18785
69196
61620
27952
53195
50299
13992
34649
18396
48075
49127
24858
67828
39985
52211
39098
46296
27419
65653
63312
63188
13893
13050
24608
10773
51170
54183
28971
50631
23853
22214
53900
34292
64783
16064
27950
67919
32129
47502
13875
40761
61095
46605
26429
58762
45485
52466
10454
34945
52908
23634
13282
62528
44846
50067
48913
65812
59791
25644
28427
61904
57266
35619
46287
31727
11649
36985
26911
18842
27315
43473
56047
42298
38465
42116
48625
45511
64371
27879
7997
30697
8681
10695
38611
14054
28853
41135
50496
43624
11502
64330
32351
9401
64692
12304
19369
58607
65077
60339
57850
49599
46621
21136
8898
22444
31463
15633
11230
47804
7240
24486
67090
28874
49081
42812
54819
47167
29943
20304
62728
32117
9111
30409
43639
36622
8796
57524
50304
67119
39319
56161
55772
48223
38210
67562
32082
69225
47290
36364
63379
14958
9585
68743
49045
42514
63966
40720
58418
53468
13228
60396
68944
29965
26412
38378
12923
51049
48068
67103
38372
20355
63488
45389
35188
56212
50175
58559
51809
59306
22046
39386
62217
12695
9517
14839
60494
52731
8306
17175
63214
12991
60567
24009
17970
11906
21870
38502
37407
11004
24773
50801
20304
58776
51212
42431
66762
59103
33148
53958
54562
20804
21881
63806
41128
44822
18617
16717
61071
8597
22225
65857
32688
39509
61967
49820
43048
26554
64427
38049
53865
67738
38886
46084
27088
30226
42326
29962
63023
66385
28036
24533
65794
19219
14264
21714
23144
63216
38302
56158
10894
50572
27387
36122
35692
42296
12912
69292
57805
39723
9594
53027
22538
34616
25742
47081
51417
29588
7693
66399
33310
63062
40826
18876
54396
9573
29123
14212
15472
58749
52384
67482
12754
49026
54287
68699
60727
40040
24741
30051
32993
38126
45839
31237
48299
55340
18709
40981
23189
53048
9506
21070
31623
55189
44773
52121
49372
67504
31810
27965
16307
34145
40924
62844
45250
38121
64495
28840
14202
13670
14453
8999
17934
47349
35685
28373
45564
53325
16064
40808
20283
25609
57591
31772
39270
40536
62879
41628
57754
54155
15961
57402
68123
11072
38221
37067
60640
69019
18057
43496
41639
20755
34287
10684
23575
18682
54634
55087
47327
18081
33318
20153
14469
25158
32040
38790
35046
64782
10866
45807
26422
50269
51601
63314
56170
20250
27095
33912
29815
62777
29943
63662
29714
69067
26109
30647
35321
17910
9667
36561
10216
32668
9511
59487
67122
16933
16426
40834
27644
23986
36634
68004
64746
65999
12705
13173
54535
22273
15368
33965
44026
34291
26138
61746
57003
36847
25866
13664
68030
15966
28753
18102
23868
50154
21605
39261
51845
38863
34166
20932
21805
43093
16753
44933
53408
45040
52398
57398
55311
20265
64685
38196
12579
19287
43539
67045
10373
33592
22679
40028
42042
57097
61047
14026
60688
49694
7253
29648
65537
64723
27748
28432
55018
49935
53083
28421
51549
51009
35669
64109
23789
60964
49211
68614
50183
36960
53349
26898
11865
41723
39912
51841
44077
60926
9846
68814
11440
47311
32385
29603
65021
53361
19965
33288
62326
47623
20910
28848
43815
50327
18948
35706
9306
47117
12096
52458
11026
46942
29102
45646
47263
43851
48814
65183
50999
61302
28716
31712
19837
29701
27913
20032
37448
65240
45374
65572
13340
13838
56151
14192
24083
30366
15068
22564
22903
32512
51674
36444
30779
66925
12580
47008
67213
7485
37062
37342
30485
48594
26957
63772
39139
17389
8949
48624
63844
67232
58135
11412
36233
15447
44472
41114
59340
16785
50203
25911
22490
63887
47403
24351
54468
29117
54796
61353
22672
52437
9718
19622
40260
14266
68484
39840
41381
11935
48141
19296
32792
16404
52697
31698
60387
8527
33628
46859
65810
33271
68062
27954
16490
38462
36747
20453
39941
22658
17043
17538
11282
33066
41794
65797
68382
67415
7083
18397
36134
34585
28403
19926
63477
35608
44701
19884
40249
26308
50575
17709
48064
17291
37334
44408
16200
13641
41334
26855
42975
20604
24458
24653
58075
59570
48671
33550
7633
46411
26806
69123
59502
14644
29803
12053
13143
47431
41872
14464
20284
68946
39691
57842
62729
15363
41508
17773
64323
42268
53935
61034
33093
60545
56196
16798
57337
30685
65740
39109
60146
29641
18431
27160
64781
12318
36769
41547
63624
43046
43550
54067
11399
45462
11766
18125
55152
22942
17711
57045
16732
66286
64013
57812
47872
28678
16165
59475
63618
33262
53337
56640
8517
28837
46097
61224
15507
25975
38016
33454
33534
36448
13581
32882
41621
49576
23183
25878
17744
39332
56144
55279
23440
10356
32133
11842
42924
55684
20573
18661
50536
45125
63376
58557
62519
25587
30896
27010
11783
48271
21645
59620
17795
32615
49449
38838
13282
34218
17769
56452
30579
17197
66211
25265
51436
47841
39915
61702
35625
35816
45513
10718
22188
29166
33122
33133
48332
40771
33662
50740
7138
61172
9328
23137
35328
28741
51391
39076
38645
11099
66221
46171
63211
8858
61380
7617
33169
9076
19370
50430
55805
52425
64142
31003
44996
56095
29291
40689
15675
23293
12084
21303
59231
26311
49007
20182
11279
52334
15623
19752
27554
17531
16508
65100
12975
35707
36654
11041
67078
49162
62825
32026
48426
9637
54782
62022
16816
49656
16144
38885
13171
64543
55756
50740
13621
14806
49302
48715
11619
52132
32479
14445
57350
20028
24879
56530
22444
11595
45760
62833
35357
25798
45740
19816
52857
57719
20861
26326
40833
49101
50769
28480
65662
55241
34623
41413
48727
43567
46970
54278
50459
28060
48829
34084
68892
62277
24025
65544
49902
66571
20189
43919
24700
53278
9691
47035
54324
18657
31390
40943
60052
13135
44123
28048
60104
48299
50506
15707
8214
69372
58550
9835
40827
47149
17530
24750
57985
37174
48247
9051
23270
62248
28815
58406
55730
12754
49707
46004
66530
51657
32974
55520
21419
59657
61553
33260
29723
29143
49775
33295
19216
56860
14557
66309
65996
16247
26419
25920
42265
57950
18285
20799
28688
24072
17811
30876
24627
29702
47810
13674
29818
53884
64984
67100
48215
30339
32998
65840
32034
57231
61905
54231
13621
29181
19211
44500
38446
21960
39007
58034
42493
41115
36617
61586
49691
65023
13145
65131
18262
67271
63601
20504
30444
11418
36112
13346
48707
16710
32475
64686
26452
51405
56585
66682
67437
28186
15188
54075
40064
22553
9270
36546
27368
68331
25002
31226
21788
34943
65583
34118
28052
65676
21959
27388
26289
64534
38839
42994
23905
45384
22430
18149
52611
69181
53982
57890
39311
40146
33443
67125
16127
66395
15207
7686
65145
55891
65102
47790
41774
60085
33863
11239
59697
40879
51307
39670
67482
27488
8802
58320
64460
38495
56041
36089
33520
30003
7142
54958
39850
14387
20275
17469
19490
11016
33283
8333
22131
51302
54175
39981
45449
57955
29171
8476
20336
32183
50060
65449
13717
59077
53571
55228
39401
36991
47801
34519
64522
51003
27766
19486
15469
66260
55950
61204
60051
28133
32194
36448
58178
68983
49281
63421
30615
47640
52177
18042
34320
11832
54184
25956
53415
39718
65676
16162
15304
47021
67678
48334
35928
54355
53733
66158
28226
23695
19684
64552
16273
30719
51316
18126
37496
21076
32143
26660
50406
64706
32430
29167
35777
34294
25775
63256
23449
40004
49154
47955
56518
37144
64268
11680
42585
43807
66203
44944
12698
32351
49336
56725
65621
12569
59018
66412
13460
22133
9087
59907
25410
37772
24183
49295
54348
12651
67446
16494
69331
31753
41374
17902
39213
26409
35348
50031
23054
12874
60404
32436
47369
58698
10894
64589
54972
15065
18533
57479
41355
44614
67488