505381529
537116701
771793117
1012612504
466422154
20164426
722057002
155434897
198433082
369906401
699099529
42647231
748438706
42269416
66568492
21605452
1764382
746737336
480980621
1208229904
813451
64981
121875079
1147228951
836507254
1050446531
935216377
80030227
1229807216
280880552
24678826
28747154
927146392
73404787
468042311
1276004
288132016
419760826
223608379
586205921
28975079
518049767
208661807
40297754
473319529
271782956
80372182
176485079
213200926
212396356
1059219352
13232941
85837754
12323131
1038927737
646003541
103025836
151545346
1565566
451546327
729715504
158909879
69342977
947931112
60307654
129741887
779710306
217747147
412835746
303601762
1005559436
75614254
58920941
535413727
654550472
25743901
578969407
278987632
156282361
179238712
43063841
542241847
25772611
148307254
333814042
1081008754
142897966
385489262
141229222
193051426
272342792
85418986
711078617
735725621
178293287
511952002
833156611
834912817
523924636
150363812
942105529
697268497
667932976
247408891
372194687
526355236
696559151
318162926
3815704
2180917
61277986
210565982
664829881
442337897
251855347
96042871
100033441
1095751892
288108011
85536661
17767
232168927
29733617
1070248246
9354976
781527881
925037579
241263562
1179983911
44316406
421501096
728264531
426889591
464408527
24266062
225876886
888585247
856214272
430549841
540958279
272412812
40163204
297253154
189647551
566077129
21592307
12829646
217935004
916027004
71814121
766850704
292179052
1141774792
44015654
401762032
486517222
6776722
304144117
108523279
56376272
247987586
1155963404
846434941
1790779
94194676
191815492
453290996
60121096
55214287
12890504
1243184317
182223596
261232654
87536297
28233856
595418287
6095287
305106754
47127487
616900376
435493829
20604991
876695002
669139654
83250157
49655596
968902211
422052932
483496157
37901572
82709092
741952982
216704972
131860681
5064154
1146223261
50939372
16712872
64178786
247609132
265294096
1134951547
50778004
1219908316
517567052
114360127
127784092
218854582
1007578496
316953254
1198124677
359669611
71670379
100429879
421559167
10976956
220867654
511344211
707575772
866216254
578221022
322161037
407765404
32156191
17467006
19546879
118664716
812992327
928869652
547424417
187027471
102280754
8268212
1020683972
241527232
86244412
37406926
1141870367
14908531
10619137
37268662
395353141
1039338029
3614017
54199667
576623821
94813336
1050721562
179731321
91415482
336169486
726090779
758414932
1167821957
88411754
117987842
636085279
299965772
823916122
1012207522
64598662
16054612
175865636
30823027
428234746
112282606
1154425276
981754517
298424666
1208426542
620875942
425838337
120303317
267949676
1029014296
228220931
5115202
120893476
31820254
1200426502
66165257
859279241
722361046
895385404
151023511
268876456
446601442
1085756701
853898476
106178879
1215664087
401563631
833034154
20694962
136711381
19136392
26985532
94043756
629574871
624228112
914272942
206278517
347517067
84129907
777224452
162315154
4355677
405512482
77893922
109601416
619678411
15817501
854849227
29196262
770929012
380259254
1074323482
313688629
55931177
47917156
160410917
199170862
154291
857207716
627837331
418776271
300774602
206786617
30728881
1111773436
57689912
1020096697
16356341
611677777
475259866
1199250826
263293879
286071241
488984629
98231137
3651754
711870779
910940587
1154761654
29641151
1657111
937250161
110283527
89452001
278562607
205933366
434343602
563992906
645823831
258065122
662643811
419500096
449715046
551003807
173640931
325673482
416926127
151353902
209050129
438568537
34923904
77756686
9480836
1069831897
2349029
152451992
1067196901
425138221
250063067
516634441
782714396
419065726
122046877
44006272
140272876
802301654
588433666
10421896
202216106
969254407
347362
718299754
548119496
569176931
249392612
790051126
961608586
652525876
434520461
1070248246
163633096
434579422
88984471
208743529
199290631
180319546
253518904
83211451
863305129
1044542072
124875307
228151
344036
23808451
379322197
540596522
719171776
149722861
18559279
190935112
374709001
90902387
468776891
655201901
829609012
227068706
490361587
1215565472
39618352
3480842
695439866
116807971
174648706
215104912
90269767
41236822
553629451
798620596
302666107
1194114016
207784306
992507182
484491757
1041481981
51192022
16344904
1156251917
234458686
439546426
297375079
508215022
522113456
1220704
99892046
272856481
43370642
741182752
85746061
1215171052
41482387
365350997
1109840942
454405732
623733541
546564454
384989627
222067276
553196954
394116851
909959131
352039846
584529337
35756197
1222267
197776217
143558041
832993337
1097765797
58931797
1080171961
80296129
446571556
1010543447
677101601
221898712
234978682
688520387
827542
614233726
164121904
449505137
304563541
147275704
445675441
508629566
203323696
781132576
60824936
1181441746
196010101
431841967
145718057
5016529
24454522
99623671