35359846
150919252
1849140892
110001529
1685104432
787310722
1160439401
57958762
324169454
193149686
182280872
1112716726
120458482
1437525391
147533254
720917407
2394562207
128264137
208375906
637584196
862100527
1922961121
354112579
1124162237
40414546
785407162
543065447
2076997927
2338903816
2296284797
526322791
1510877936
376380767
696223271
139219642
303996154
927060271
1462891096
749173987
63669971
632914832
832870892
48093529
1060876954
2310470254
566918629
246275722
748670861
29472004
1935384221
1458567056
778565531
1654188922
33739006
1406541242
2175657631
88053086
103528856
105771241
1699590754
2169132046
1147037357
1554449404
99383852
1491644891
114890062
142256279
292541767
2327291201
1306857251
1452470254
438183607
1128813856
271386754
30151496
1468847101
77072321
450405092
1531285471
1704199772
2297843737
748013182
484118287
319652971
788501617
201834187
42924746
2145485266
315394171
2009050967
247364404
1493338576
1013062579
650504416
1861567654
782081476
2108374517
1566516352
1829610787
1442892341
729448111
844050242
1098609376
973088671
217455086
99680141
1419246004
680085641
1656490462
297253154
68825779
101980622
59781646
1823023154
919969066
470922706
704832286
1955406917
132511061
642414091
106368406
2175261862
866590897
419152582
74535946
2384400097
480050606
627695597
529084186
1972014202
821279657
116243129
914059147
192403537
401082004
468011716
220909691
1524817477
1109087254
1029377252
932666456
1210197004
46325126
49267702
711682129
1969314662
473658032
1002870506
2202455266
1295175961
744806311
219943852
330129361
2121772654
725214571
470370457
857746072
883491631
54470704
189589129
124606792
386461702
260319154
587473504
705583396
116487217
1317615446
845571127
308972512
1652406329
679311371
1353586466
853361329
467644654
407108846
70953829
312662522
1067289302
34208857
994557701
373888186
797581831
1091916547
43725277
1670275504
1062950779
2280589417
319223279
372522161
204757967
405113881
231243266
36478612
384407129
1889680027
424147376
1178575526
470094454
1592821462
354938047
1117061012
1963294454
634588126
891918731
112192711
81798446
969870904
1895894254
865217602
1059403466
817717021
1011712654
1916083561
133228327
1859798567
105132251
54095602
1597000871
91591346
656360797
2272896754
297106877
1955907241
269108401
502714487
2386541329
646938436
33952921
1591072256
490205017
201472702
2030214782
50065022
453923516
150658762
1092337171
366460129
174107131
1873301446
737990572
416262232
63715117
112312579
2172097006
1473729196
148221154
44759992
629539387
29849402
137241029
72210154
516602297
956528192
864884846
983527777
806794366
243995096
1132570622
1609742171
1724459629
330746341
2197745552
1289685079
1285168952
2009748301
314666242
918554092
1835907311
188597332
1944104191
737644846
101026006
368032016
953425279
287220529
1277221612
980292782
84298621
813879686
1274291887
28754737
46904456
1272676927
371758279
472612141
61666066
756274387
426042646
1855531822
1268341796
1079707216
651189917
184636937
1244730566
397408529
297814216
663189991
1720761781
802061327
902636317
1839302227
750064547
2108764154
1835725529
1131714101
137721907
627518452
183888254
167179756
311887801
258951904
1761418982
54826157
1382669992
1169030482
568097779
1092524141
425517379
40612579
1770630787
234523654
52844341
388382386
237630901
819740296
467400026
2243662579
232384462
33656911
1504837231
1047423566
2339587811
1866452254
1732867886
848699401
1173531682
87126601
1054897279
64326154
126365254
25579129
2169066181
1887221767
2216880992
622886161
883029301
627908204
1171836667
62378866
1153272352
50045011
280643587
290103829
1763259421
1056551497
1440153947
726967516
1756436816
1674092317
1779270032
145479154
1012387504
419094677
25808521
381059422
71526781
133980266
408937102
2326677221
1146845779
505127221
1580316091
336818036
205061627
1351090154
1757740987
1181490356
1685220541
1584760552
441981047
1316896861
1229360906
625748377
560739817
181422677
1000408816
572522042
1326356761
1665135487
1674208046
867423727
36342076
1182560029
953337946
2318907152
1741650691
1944228904
1168595341
728837111
692533937
1144930879
2181070082
2080028252
1650854531
2323267696
702956261
875690326
1248525436
2352191167
540793829
2106556687
77358142
2236099376
178860242
44637077
771753829
98694226
474951611
1087528204
372549457
1548544727
340618051
27199001
424263886
278161492
140222632
1923333232
30322579
1083195241
1530621457
307507601
78256306
487547152
1665828061
214358866
239028181
610419271
1580484754
98722327
1037560682
2365860079
257837987
1061844487
43846931
1746611857
1761715762
2000312876
2390964977
387880879
748051861
2204978029
193916972
2090425471
580569851
339653017
457304404
1081892387
105422461
26890112
88797802
2161629877
677727337
394903357
2276808941
267764512
288948781
95033792
683704732
92772632
256182931
772775642
143270129
154290962
1348492279
1631490004
708591836
491207497
2066119904
479523997
447468571
674013971
2179551277
1089394504
497464654
95447837
1373639906
1821031076
324755356
1863032362
874393472
598804922
1318950481
317734237
1596209752
1196656582
954560972
483309596
1841182904
2173613212
1708639654
536101141
425196542
491709121
124922722
1550771587
120303317
1089347827
1052968996
30697531
42435079
37997404
25858837
506622197
1261400879
766968196
1872689401
551402237
48142579
428732404
41646502
532440029
2038890154
64905922
811903957
1065395881
697679336
159123881
848905411
1476607997
1766527081
1260597367
771596687
397662302
186177457
1212510391
2005819454
118942177
756196606
129034081
234393727
1428798697
1393840802
77457682
2394977446
1501383004
418313351
439042529
64757891
39405004
25808521
1317256129
705433142
131390156
183236797
428790971
101880676
94290779
1517371417
81223886
2150204254
425284031
796344187
1888819454
658391329
1994434904
50035007
1780522976
1735871582
106237177
224052697
1273383346
878077372
328743262
1053060779
2316932629
1069415629
1322342452
390978667
1148666416
906506911
2048608046
27272806
987745682
28143754
802381771
2380810511
1486351504
1330635079
631741286
355204532
942452821
1815422897
195080629
326695142
174760861
1347505742
447438656
1682841106
1733692171
201794006
756624451
284590154
2006452879
227601781
780539806
33788311
1291158337
24377654
770575654
333220021
1833544847
83301779
2170778996
754719527
888248027
1874036032
460030279
195238681
819375922
129018017
1503959591
987301267
1317102151
2219345377
103054547
1747439404
196089307
36658204
722247022
1063042996
131974382
364945637
64054222
1380357154
289983404
44712697
656759404
1567020154
1080543829
608289761
2294861879
2097544066
1191476521
1367461957
186293254
262926847
720461821
79663754
1193723092
235651196
150728204
491144812
618411697
82310866
1533721421
1150824301
1924201631
2405439481
203041477
330257851
83935447
2321291317
1023758626
755380147
149463406
528563842
2168802731
681857057
1078731577
118279891
187066154
2318090006
771871696
420978637
1736696581
1225941887
514675487
82285207
1330325572
570662437
241263562
141330079
1277474332
2156372957
179068351
1550381771
285425779
445108367
1162897652
1268543266
116701004
517856654
46065602
1888819454
1806215357
2234360977
1290091411
296205631
358303066
475013254
843228712
877951657
2355347296
290802787
189374992
466910962
2143062247
225451996
1930410181
34490666
1444289386
1539098422
634267537
945320422
782200129
198931432
192070201
54972856
136248779
605328616
96126046
395268787
123677129
77594654
289838927
626668504
586274404
1483844527
786318997
668773879
1786077029
36035806
1851817654
140876506
148169506
1760766154
2285657467
49039657
37303204
2176053436
1843428841
1866024596
522630616
540892496
133963897
870425227
1336832779
1673918731
1012522501
1432703686
652489751
417041641
758375986
781606954
199650154
1906870891
597732601
236259454
318920141
142931779
1726868297
515188951
659335142
529604786
967362106
642342404
177011521
1941860041
2091589504
52157792
1105980997
184540867
1843732451
512016001
2180871947
38636446
651117742
1124873597
1781060087
311163932
64065541
2026647946
459605722
349312097
347648897
1819824286
1474543666
427386467
37182377
350502527
1713963427
44987356
137108521
1634976337
1320132037
670896766
202256329
664392379
956528192
2190789722
1238750426
648054002
122970404
686592097
97615379
1390885654
2295471647
1433185492
1707704462
180091732
944190241
53380279
28709254
108862391
487203721
61766056
37510792
194015452
169436437
913076012
1394685706
613427852
1190256446
55350982
538789552
2015966254
386823206
1171933492
1614398254
132234454
1827010577
1203613517
1553947627
1159524247
1723050457
1262053921
622286282
51963916
616654522
1115926904
163307629
810856586
165811156
2305238951
847299196
354804842
578697211
762861331
1062996887
306046171
206014552
73610912
266908961
2062650107
2066891366
1001885467
202115566
2107270741
1784822132
86428379
1661328904
224264432
1846405297
1281673136
1354575226
1077895666
1192257697
1566236497
1338798386
280359361
257179861
481414936
79638511
631030576
2281264832
188908204
2198077057
556695029
943364767
2294252192
291019876
1157935627
911666351
175284727
1937002162
629716817
1198369447
1050354862
445794871
701232526
982109041
1160873021
2105128942
77557286
2136193567
156406142
1465272046
400628972
431812579
1296295904
1719236842
987256831
36658204
685036606
155064856
860855272
800420056
168462191
1037970704
435818527
1031329237
1472480779
1269248537
134389816
1621850582
2190260206
599739662
777145601
2140509736
1740411502
125302366
256205567
1584647957
121890692
264373516
652417504
1718298754
222678857
854559812
2038123936
1360619696
2327291201
1283445781
416291086
1730396207
134340637
318869632
167966957
1261953442
735648904
345122129
535086542
1041984076
452538571
878999557
52957487
1426020311
484211641
942539654
956309512
1344600154
316298977
2026584281
1772178346
1546931254
781132576
955828504
420543502
320462587
247653641
2235230092
987656791
1334403631
335936161
563992906
755885522
454044046
1560812257
2212488461
1777063537
300063754
91050766
2025120262
31780379
369824807
2063934877
436379654
1600337026
1319001842
117098557
382081547
1875628129
150017182
667896427
1453602322
2090425471
774781931
1612296506
1776288607
31264279
482656916
416579681
480794546
164520731
2025438482
2250433417
129983627
860481871
1446816529
1138432187
2235564412
1162415437
1029694891
2223277904
2226079451
1436667607
2166827366
1412647282
139553572
557362579
1181393137
239772152
1384616377
2175657631
1372172692
326771831
480360511
692571154
1053703372
32196301
417388279
26437357
316223527
1533610654
1718416001
564933692
36778177
1757859572
37458841
1159957696
1156059571
609092254
107553112
160590082
122609971
1353638497
305675176
2206173526
1670622307
2175657631
1976601376
1454465146
2027666722
1283648447
27272806
559568332
174910457
1573352561
189822871
494252521
1377521317
1742004826
1960914001
1709692051
246209146
362356661
2268987931
26430086
599185654
673573457
1010813204
1367984972
131163307
2030660857
256115029
368737747
1157743141
186872779
1488751462
60703672
923403826
203626291
468960626
1481067526
2370746512
1575597181
1870731529
1247775991
1025524117
693017836
1106921827
73695871
1366991329
428673841
35292602
1112952611
118834237
125904647
1084918072
453682504
204515201
557028754
2232489611
900088807
1321211311
228562891
222299156
960994721
1106310242
27479992
2330635402
61499596
893270779
1622363204
1626181936
325877686
713229797
1296601427
203101936
2307548146
122140636
893820341
2307480212
2215083521
397126654
2021748667
220426507
1725693127
643167046
2093659696
2271211504
373013642
511248277
1810725932
1893739654
634588126
548119496
1602034711
1187769431
447797702
224836616
479678852
45739831
630533317
80220112
123095896
123504187
692459506
776239102
1031283821
103456921
1443644512
1562488852
92323667
516505871
2095730912
976532722
31390927
2363865662
39325147
2151516004
438035602
428673841
316953254
28997921
1339937029
1547876981
523600981
737836906
1630633279
1796132081
713078731
724757629
1539819766
239071912
437976407
317986372
744651937
868006946
429464779
1377153922
1143974029
192070201
2023529537
948410129
450195022
1584535366
551269411
1090328254
2314482667
1344496441
476987942
219755131
759310966
1747971502
2281197286
299622961
199830037
1377521317
84428516
792398146
164448181
349100677
312187579
1071960754
24566546
1293700412
1244980051
1860835516
298620142
560907272
134619437
2185232996
780737371
1925008177
1573184279
661152067
94813336
2095730912
598043821
1210246202
137555992
378331279
1970695591
717655556
90256331
1895832677
254916911
1897495607
227431129
131860681
153694279
604076662
209602576
1224605306
1345689382
1188695662
232319791
1546208246
906932756
1218575029
646219226
881391106
1370863342
1566292466
280004281
542670041
2014379129
249147004
619361611
426159416
1442892341
848740601
743918879
179447041
181956427
1801410277
114571954
1544595991
1245678742
499327402
518758156
486642004
33722579
497874791
1389672841
138819454
914700607
2251238551
30416101
291961531
1591579991
90028072
864968029
129903022
287700079
258587912
1690914782
504618797
48792382
284661731
355177879
1363333654
1006860376
111953167
703031254
465506329
164774782
415714196
2334938617
1033192154
1207689232
95434021
148513996
671849497
247075336
142543171
94895977
163343776
155170537
393836146
998665087
2072617537
2137239511
1274998754
201854279
188849896
295670404
151284316
218164717
226514971
709608629
681857057
44222311
224709401
695253406
1745961779
38233141
135260129
1292835826
154660079
410282336
978522442
240648892
1488478642
248968456
2047136092
268806892
144287579
225813127
722361046
1466571562
118973026
430725926
250532921
1295430451
2242323029
1615364381
231415342
1187477012
1520347654
1630005157
1055816129
288780529
39689596
2244265507
1239546946
1502259892
636120947
559100081
1097484676
189083182
513553177
30815176
507163477
953294281
1408026712
557696504
567188041
2155387997
2162155921
1808680441
498663991
310864646
1214037451
227260541
809648921
1740942529
90256331
385628107
137141642
2257012892
630746404
152626657
30728881
2305918006
1220007107
131455006
373204861
325571404
196783042
71610529
1475901616
2375224427
367408279
1128576296
2031553154
113605202
460576426
524280772
518983654
1457865004
246542116
470830642
41509717
1189427152
2002590542
130710197
2383709582
101253566
2288700997
2346570272
921256351
352942597
517148881
324322247
1646490421
2312714056
58444267
110105381
1040158856
1217834629
1192160036
225282152
1781418206
32606851
788104552
508916657
1028424629
454888204
869215666
91889347
1963419781
178784596
1242037721
1048384946
2180871947
1869508379
1146031751
2312578037
2118386596
633199492
1129146482
352252154
733081196
124796302
196227956
815777029
92242154
482812276
277666396
714665722
200290106
150485227
469818532
788581042
678390196
2122228676
611677777
530483879
1688124566
2110582936
2173019851
47887792
1058989232
297009379
1590000637
862225102
291406012
909660532
211428767
1366782187
453803002
1342837577
267209404
2185034672
39316279
2345337317
142526287
29495041
1993424512
49277629
2158540661
1015945427
193936666
808522579
1089347827
2344310102
529962847
356084642
49267702
185733902
311613131
2094630451
1440475976
1505111546
1161065767
246875311
233269201
863471347
669761701
1716950701
1727514811
712701136
153606629
143524154
1285270351
43818842
154818407
1157598787
165192577
1051822046
1797870631
523374482
89692922
127400704
1571221654
50939372
1438490704
200570407
129082279
98905081
623415706
937813087
1303536271
192854981
1660291501
251967577
548318171
137473072
440377004
311363536
929990629
93646456
688297754
465933602
37441532
2285657467
650793004
369118036
73017571
99059851
180357529
645572279
61266916
65694454
292904707
516088129
505540504
84013204
1642246706
2264207572
34449151
117941762
581694887
1072423829
566043482
1852791502
1045547857
2214351427
1626467096
1068028654
1891709296
46662631
258178727
1498315912
163633096
1413444697
96001297
1636349029
480174556
1956345077
1517591779
1401718879
120396404
376380767
2026202312
34948981
128184067
30917317
1608097117
149446117
1912742176
2349791182
1653153751
225876886
204596107
839782654
429025279
501636976
1213298431
1748562817
405484004
36967102
546432212
123080206
696633802
517020247
624440131
135968296
1051455154
1246327702
448785821
800780191
24475507
981311452
127368781
1685104432
1081101751
923962579
1685975347
930378817
1303536271
387324029
46017622
1481067526
744150332
914828926
2366892004
136760992
130080386
1240443337
286286557
90310081
446003912
191228347
657194386
201111541
2209629004
494787154
1842943117
1170481537
1379621657
68474254
800420056
1443160951
1310745601
1395055432
303872879
747510446
418949932
2165510956
1362654911
870717316
293970629
742762154
599808931
1565285177
486954029
461062162
245322326
1795412927
1853887387
758492827
24601606
1068814496
1165744756
234090704
1511812579
458212129
1897618816
940066481
304341457
117098557
604632926
72607276
300039257
254172332
359267416
2304492106
1515498986
139620406
718261852
411113476
915599029
2302523731
170561216
2212089356
44977871
37771087
2199734957
2261718397
700521166
146812681
1157213887
281853154
1728631802
450495137
1969000882
298620142
1517812157
150745567
885258004
1292835826
182147242
237674504
125555782
703406279
282470797
554328457
2085772579
470953396
1764447311
393723892
896358971
1655051812
1684291781
651370372
681967847
695477161
1036786417
1655857379
1793256329
1373901991
1580035006
1918126954
693986141
1849444972
1189378379
623203861
592764097
1561315141
93372946
564933692
2265486329
1897372402
603069086
77532379
47458154
686221582
47711797
1183630186
228007336
353474167
288924742
2173547279
1858396096
554961271
1584085042
327590407
1783567676
2171108461
66834142
349788026
2219078891
254465521
437887622
1087994629
798780466
529832629
307805267
246164767
106558102
163072771
1219266272
914486762
1633489904
717238876
220867654
802982776
634125079
1592426396
105742154
965823226
1462188004
452719096
141078004
1876363171
497054686
385683652
174573956
1228220704
78293842
397718707
2257684807
337961002
902211482
1549268281
432077107
269386867
2373088279
801020326
34607041
78293842
42205079
493121311
2388268829
747085186
290103829
84311606
1468467722
1907426731
460333654
1007623387
146435942
1943667727
1608323971
2001704629
2174404486
2034295006
70573141
266539417
1109464066
1705075607
295330057
257951542
100359029
357527171
721639046
26502841
2270672356
42352207
76020616
1013332672
74145754
960863204
285664754
40747879
883197407
745617037
1086362579
1807056904
2147188747
355391131
178746779
809166107
1321005701
2315775541
1867429942
75025126
88944454
707199637
1464839002
548914412
606616697
170819887
621827746
151440907
160841081
411084802
1333887076
172023427
2335143631
424380412
927620129
451967146
1620085504
286334416
116838542
2206505666
2194233136
2089972879
672912956
117297587
160124461
272833121
927275581
464499961
87060611
2055847504
674821954
94730731
65111167
47399717
557796701
897205981
59345066
2154731482
565538897
111818536
1993803379
787945754
653646247
1643966471
660243292
1300984546
266423987
2084222767
396366091
108523279
650179831
1277322697
102896686
32776657
2301845176
2263871117
1496236457
1783089904
2104545004
436645577
1155674927
2175261862
26517404
1996898807
925510777
408165307
518629322
997280131
869674366
2396500297
78243796
299109112
2360085457
40396567
462581737
29541142
1411053127
2208499031
896316631
425313196
2001641357
1410203279
825703204
502936471
768574822
714514504
906634654
1610763662
1420791472
764776496
2065284316
396394247
829568279
583538204
93509651
124243967
1997404411
2028622057
84324592
894919972
2055013996
31106329
140155654
188189701
441386617
1010633362
2352328346
1763496967
1028515336
1796971276
486392456
830464636
1010858167
455702956
1884458137
94758262
1051088326
179276581
424759232
1536436462
55719847
1529404472
761143637
101267797
798220991
39547172
1662308971
375914491
1294107376
159534454
621016904
256658497
46132816
934049032
1505989522
700109491
1290243802
779947261
2172031096
1410946882
1228468529
298229254
2204646004
500750482
2328724136
2034103654
522727612
1109888056
820509796
2282007904
714514504
268459207
1961978762
408079597
1746375451
941628107
114133387
2170713106
293582797
1935010946
123850192
25407757
814484981
613497907
645716017
1127721287
1365475412
92609246
723996379
66845704
2351162452
1479217637
110625376
2268583762
1051271732
562851577
983616482
2341092952
677212004
1722228706
1272676927
1882003277
298253677
415397077
2051041129
615741779
682226392
1489624654
1230551246
172766167
450255037
1516875661
133489631
243332831
2032381891
27904186
1073211286
960249577
2305918006
429288952
1288314181
1494705151
2113702672
542406517
560840287
167783722
1052647787
2161892891
563153581
223714129
832054822
484149404
45912154
1905697717
343206901
2329338386
1419725542
1046828647
764659172
301191697
908807662
1972328222
419615966
404630129
233312402
221877646
1614227791
767555791
117849629
1439241727
92609246
2064320386
805910879
591525211
1748148886
316751866
2027666722
610349392
559033204
1041253796
555027904
2229350152
2116174097
208907021
1243284046
1832031247
640945307
301191697
251922682
85746061
232772677
2043746212
1437471772
1943543032
593556286
342028936
248321756
2222144446
2042467742
965164081
1981256827
1125822427
1861872754
2240649154
147086977
96278627
1098046954
259977004
1154521379
1189768591
2165708392
416695147
936687404
72571129
172394597
252079832
1204104202
177105611
48289879
161685154
434992261
155893654
38750807
2219478626
117650131
1004976529
590459431
2223611329
206522327
1608891176
1029558754
34690286
711870779
33747221
601576642
1421004706
1069138162
43091687
222341329
1158850154
142627606
607941016
215914591
1791579871
1969753996
630071752
57657692
468991252
103831256
2063806382
34590404
293122579
2272694491
1509778726
870049756
2156175947
36863992
615145351
69897577
350529004
572995879
65820602
923618711
1740942529
726662504
1812652156
1913237012
459545087
325316279
1320902902
295573142
619713616
1993108817
282732311
1098656251
389637571
964241656
379046812
1484716279
1526087882
370178446
2186092504
166449136
362060596
1574081887
245100871
395015779
2384676331
82824886
42324601
391874011
168664162
1680463352
588193552
2010889654
99807257
46498547
1382775167
564362407
2235965629
1421271271
2021239991
129725779
1901255281
109364656
164629586
2079512296
321602842
2220211567
250555306
397126654
1579079504
312412507
1012207522
634267537
76304482
969078301
2049824407
1825620526
1513297606
1554282136
484678546
77706812
1369240616
198333487
761689966
246742006
563757832
820023754
1687311187
67100321
1397380546
1324400312
2384538212
1561203382
145530331
503570981
514066081
383215771
663517807
565875262
1410681287
263293879
822577081
1793675566
135457571
2408561716
466361071
1202240131
637584196
1729513892
279082126
762666041
2046304352
508693357
530907406
999469696
1516269847
1318745047
1740883522
67320607
2119493279
1619117966
2305103152
1690449586
101909227
1561147504
88637956
826028336
519370336
379515026
872721532
581081096
59083886
1628635129
665413441
1708464286
819983257
35385079
969518596
775018136
936730687
1158705731
1441979254
493623911
242649436
571676392
1223219992
2279508961
1064472871
943755736
1511867567
311338582
333762367
1336160666
215914591
1016576596
280525142
66418576
685888204
637977061
1085616907
2350545331
111624212
196267579
1765992166
1811628722
2000376127
810977402
2274784976
418805212
37675541
1384090192
2123857726
1864375517
75897361
650179831
53898154
52515877
170155129
64655507
1444934404
178444387
1459539407
428234746
855262762
603833377
152172736
375941911
512144011
910556476
104018677
817838347
825337507
470707904
158696021
683519852
52086322
247342162
2019460129
279365704
142661387
1958597579
37988687
292251577
2243863546
314139646
499706692
291478441
42324601
450615211
1575260386
707425306
1977041522
551535079
2144044387
247386647
482936582
1842518161
2128161421
732736622
1927615096
356138017
671153204
828061861
432782911
27576452
764229061
1328727026
1907859107
1078081396
433813241
699062137
638477246
293946382
105596779
432047711
667202186
54889004
1683827497
492681746
2195690779
2166234932
839987579
31232657
286143004
759934606
588227851
105843976
980159951
285425779
785565704
213924271
596764879
406595387
1057471067
282375731
199830037
216809077
2274447736
1212658129
189861842
98007001
1443375857
626810122
52300879
1318385576
92473201
2317477241
555761131
1644253186
98021002
799180211
1074740704
403407811
1119946129
197160154
183734866
225069937
1419938696
127608301
27287579
329127997
959767579
1916702656
1907179681
370396154
656252107
1624813516
408822716
198771892
1613886892
910940587
1471395629
655926091
303577121
1254178487
987434581
697193812
1351246106
1872873004
1839848131
117067952
71658407
580944742
2177571022
1410043961
2330225779
1611955811
541484687
938332861
1784105246
2193372029
1975532654
2365103477
2161432627
108582217
1242635879
370423372
332162426
1310489611
611887654
882441056
464835296
2321700154
906634654
633021572
253586461
401025361
209050129
1226833346
1635147892
982773946
676034836
2232155521
116563547
111355427
1922837092
395212556
1353534436
608394404
654948529
118095397
501351946
2064770192
2313530254
1008476506
267001387
1337143042
760987579
1144500247
584426767
78594454
538002004
1503520867
2256878521
1451338627
38206912
62111086
800300029
141784381
1942545616
488703217
538034807
1832454992
418834154
1405321621
581763106
871301641
539840512
1769500306
80258116
138369931
1433185492
753205079
35217029
67216216
225282152
654876146
2182457279
198054754
858491767
393499432
1854557254
1355772629
1774858411
2206239952
920655506
522307361
2128618129
515991751
667056076
78619531
375338902
2387508652
960950881
293025737
1821513904
1967306902
1521892036
149999861
1255180357
2296826977
174873052
2367717706
1351818007
1817170756
474273802
155223391
992328976
2142931312
1745725417
1570773226
518371702
101894951
2208499031
390782947
291889042
225579421
2170383671
89505511
1362341702
52444162
2034996707
2084351896
42462721
44996842
310316329
940630252
54460267
92500402
146658502
610978447
582001904
2346433261
1285473161
1655512112
32429432
284423176
339887629
1826345704
644387051
2249494276
81300377
2166234932
541254352
33117592
319021171
1262405629
595521817
529669879
120458482
2141229521
217809757
674454629
2214617629
449565106
219838997
283612837
492179626
2284981402
307706029
1003228822
1402407281
37311842
268667791
423448652
1857786491
382109191
159927671
2134037116
1968687127
809487967
2091136786
96278627
937553254
426101029
333271654
844913279
1364117029
2053860187
332600737
541879661
762236491
890525504
597006736
65362462
2243863546
1676581372
603381692
281663246
2081447461
440733206
351270766
49526129
579854486
550539154
2155453654
52515877
359937866
48614731
1513792777
54251737
108773876
1342785754
31868137
611607826
41491496
297253154
1108945966
863305129
51303386
540234886
2056039876
1063919257
563757832
2215016962
100912322
76440431
631350346
43398587
145121167
422198212
309743606
130225592
619009706
573740876
1052968996
45892991
740220527
281876897
853815827
1521726529
1120088116
400600666
251832904
28550347
1125063331
1016802061
430784629
179693404
1272828286
1248275596
1677218404
1372853801
1596040252
714703529
1662424292
1128148751
239947372
592006846
756780061
979850047
669725102
1112292196
1970318926
773601446
924822529
1456029667
739566571
1622135362
43277557
30603577
93947779
1262104162
747781129
662534602
415080079
998218222
157788731
70965742
1641616351
123394196
271479952
2351299601
350052571
625571507
238918871
984947537
618411697
256749131
868298629
331286671
211428767
37875457
55340461
1058851172
2140248026
1408982071
297301921
1745961779
1060462432
253496387
77619571
1687020742
277666396
933487237
168609067
594900772
236194246
684629507
795546217
54575129
566851286
1058529067
1103160907
117680812
39993097
586719641
88637956
296278654
1963419781
1784881879
1843428841
73090096
380341991
2382812062
374982806
164792936
86428379
67971971
1629034661
61377661
309793387
1427409166
680122522
634410011
149982541
65946871
2027348327
1944790162
229826081
448815781
881181191
1868774681
1861262579
123913154
382275076
1237158154
2018316346
46981972
523730431
808683437
124117891
570594872
175884391
716254477
2265688271
1733692171
497874791
838717447
87523066
1684988327
1591805677
1282280762
694135171
112762654
142273147
769594529
1793495887
1037332927
263362726
1126914076
233377211
1179012521
1686439927
2079383317
1093786607
634873162
2109933281
70632556
256658497
1637836762
27986422
493089907
186351166
763994506
1808379731
94428154
26270377
104639812
2009621504
236846731
107465131
129098347
463677379
1042212341
279720379
1265371972
31462279
1667155897
638084227
38513477
996074662
32857672
1151736016
1685859212
870341782
1019374129
218729071
113048167
1346623357
1376944004
126858557
509299571
425896706
505508707
58714867
470493151
519950629
1527579902
1479000079
403606667
953949361
613462879
327257737
124938529
342369029
569446879
627235072
450945497
2201924342
1902735517
871176412
320842447
1387564861
152382154
1723167866
2063549404
540234886
1746020872
2157226771
704869832
1261199977
346594957
721031326
167875327
382883629
1637893996
724529212
795147382
901107379
1969440181
1585154666
256545227
591938029
1967432357
403464622
52474891
1039155667
547159741
391118497
267348127
106455937
1328778577
997503446
35917051
511696046
292106536
78506716
1019870867
61421987
1064196046
1643679781
2148696236
1093973701
450225029
2057130154
28203806
1859554621
989791279
90095177
2138481902
2019905021
1172659807
1441764452
2043874081
1296244987
211058786
1527966841
899198029
1788468529
735533836
569986967
2386955872
1622363204
353793301
387491042
71922022
788739904
303527842
877197556
857828911
662316211
1350570379
447797702
43669186
245898577
511856011
535021117
744343237
1648269821
1621338041
1160583932
493027102
1566796232
177256207
203283367
497717026
520757129
213138982
331878967
1801590352
2235898757
1178672629
448097017
1668888652
273136879
1086502421
1259392579
1517922352
382828286
301093531
700408879
57303866
427942141
703106251
2280454346
268667791
737568029
536723467
550207379
2318294279
135754004
891876496
2199270682
2008480511
773326129
1932088204
2087322967
1164007126
1202240131
1436292407
1581778136
24875932
92228572
1095611456
992239879
2097025942
606024706
1275200752
791602156
1938496246
939502879
27822071
89746504
138253507
529604786
146709886
314641156
1095517837
62122232
613883281
2024674796
2166629879
1632289817
1826164396
201412486
73283672
162441301
770261626
1428210736
665085157
953949361
707124422
2345542787
324373186
182299966
1321622579
196128916
1155146146
256998457
467155462
1242586027
415224154
310141966
1263461047
2354798252
1006321954
884080226
236129047
1980501517
1800810092
2109738404
256817117
1445418262
275573027
478502581
30799477
833728196
400968722
132706487
222193741
1517646872
43426541
627128821
385211647
1768429657
610908536
223587232
278326622
1606793017
109957036
220090691
140406904
1092851377
774230926
113138404
644243461
2187745879
231049757
41373157
882609106
114859747
636013946
100090027
1522940456
2357956129
1676407657
851131912
2194498126
841997167
45377102
280548829
1988439454
987167962
181118029
1469443367
300161752
335029556
287436277
182854127
248522366
438124402
131779496
128248121
2024738431
1551551366
924564502
2249360129
42223456
267579412
156600754
946625317
1962479926
331724404
1331615422
706673216
73647317
685517879
1053060779
1184992904
230104879
166029754
268899646
372276542
237783529
1880224504
727310731
115163077
2289715957
1747202942
955959676
1231940704
977416792
1540541279
2393385892
59410451
218373652
1797271036
1768727027
620664529
148807127
738490097
1467546577
540695171
47273227
1683943562
2131294117
253316287
621933547
680934157
1182414136
53898154
1136333629
89920756
700371452
309619171
36001856
1452146887
276395317
2338151537
1957283462
90605992
2095148279
42822886
49855106
73926721
74584792
287844022
2208897812
66050272
1888512154
2188208936
990325261
974854091
634623752
198911486
2190127837
159302326
1826768791
72294301
355284497
258201451
651875779
93879254
1558410707
527621371
961170091
35133154
969694742
1697259454
38821267
2107855057
978433967
34507279
2241452536
880257862
186293254
37823254
282280681
285401887
87642181
1902858896
234328777
252956279
1509668827
1438115266
116533012
1413125704
1764328504
1522002379
837284582
319703542
591559607
133048829
130532404
399440981
2276134186
1200377504
1901748629
1908538654
148014616
437384677
718868404
30509767
829894171
235998676
1232536426
321349277
37632151
670127746
147601972
169142029
580944742
1062904672
917140207
238219879
1141583654
1119756827
2079705772
393162862
356992561
1609004629
710550754
1188646904
552133066
917996977
861270257
786596617
1718650507
44222311
2295471647
1975281232
208498411
426130222
152976287
815979004
2143193186
1506428606
1689926317
95213101
935735431
422808661
94098622
1817472196
560672842
62434726
1307215147
2026202312
2285657467
112492501
713078731
1243982261
34093154
266539417
1120277446
435759482
1306294942
92323667
1913917516
1500177701
608638606
86546747
546895129
2222011117
657629512
26963497
2318430466
370532254
1033146697
232664807
1041025636
430667227
236759681
543493966
220363522
1567300079
2297504792
1837483132
1616387654
847134542
1178526976
1651831504
830994529
30603577
1090094779
569683136
1920481301
1924201631
771753829
336843991
1670102116
170653576
59574071
247253204
388493876
343652437
805469317
2358780271
26934131
624440131
439220342
2331932779
1609685431
1744484779
1423084576
133587686
1331202602
980469904
332033566
1588252981
2000755654
2393247521
1658275256
167051782
605641807
81121954
45253342
2071201342
2385988661
77632031
339392432
406994716
759116131
2387163157
787231361
799700029
46701281
1467329879
1724812012
637727042
157646647
1418020886
1054851347
710249206
818202379
2225879282
902338922
436084279
1082543716
137191331
1204251427
2197745552
1673918731
2221544497
152155291
1020503254
870258341
2180145529
1278182081
2324767579
1448484577
1566684277
671079931
1111584826
120629279
302346346
191384831
60329621
549113231
935605654
1043765206
245854226
39564961
613322777
101709454
1276362551
1585661456
889302052
152993779
1663000957
1548099547
735533836
271410052
108847636
1002288379
2393939416
554328457
347701636
2019777904
1644941404
174630017
1258589707
258769876
1038745411
1900330426
475907527
159766751
1481557396
630355772
902976257
1679941631
163181146
1980186847
1174840102
1083102154
2233692542
203263204
992997331
456941566
876736876
582991732
77956342
2111427637
235065404
166649897
851750902
275408716
768418004
1177167982
790806566
66637741
1491371806
129741887
314064454
262079066
830464636
2346433261
81338636
1008701071
116197391
405825806
722209016
125207401
235738042
1404738511
1695337336
1511317732
58942654
99849647
1322651029
522662947
38145746
624440131
1719705982
1031828879
932148254
67541254
1834695601
1904771782
192639007
1922837092
1423244629
52998661
346594957
286932991
883659781
566144426
2232021892
481321852
84519502
170819887
543526936
594417961
74365111
2056745317
941758301
679643147
2337946391
180794621
1932772052
1644769336
365594321
613112654
371567431
924564502
765871954
134964236
339809416
1000543012
1176876871
773011541
609127157
2132796017
843721582
2282007904
929085172
74474911
573876382
1490552701
565807981
154010026
26371954
1219957711
699548311
733349254
2025820379
76205686
2305985917
1686788404
63253129
201211831
362437427
704306747
2320473751
2118191329
873640901
102180661
2054757566
101367442
381335537
1815422897
1286588902
242803667
903911422
26270377
1560644647
29356954
1115360066
1609969141
812629456
189433381
235217206
1031510911
1948096991
2348420312
1327593157
1555508977
180851672
2336578981
299035741
1439670971
1836210301
48516176
827980472
989390887
599635766
2197082617
471966727
1722933052
1458027001
158642579
235477552
1181295922
52168006
1552777129
1846587607
1436774816
597006736
161056379
736800079
205345246
1797271036
1733338882
357313279
1010678321
1516379986
357634141
1307164016
884711081
1225644806
1562824279
1990205596
994513102
2229483701
137323879
103183796
1226536157
1325532817
1260245911
403833991
494661332
242407172
31676821
1191525337
1482809654
139386557
1033965076
46334752
359776901
1950781954
241681106
1038699832
1222923241
71096851
225600662
1219661356
1718298754
2064962981
1013647826
1453710161
150467879
1283749786
1971951401
124685737
1797870631
80994629
796384096
266862754
40549516
1223368381
1590395402
929128279
307135721
280904254
2409394654
198712081
1825016321
631101629
124733116
688260652
1870915036
888964696
953250617
1321931072
235586072
2154994076
1438973482
1038608677
56833792
335858404
992195332
2357406781
107406497
1097672086
130274012
1245479096
1485424766
2375293351
764737387
63941087
1040706254
182624717
221077879
2057386732
280051612
899876677
1072516456
190817881
1184700827
2106167254
1772297417
1230848921
2348762992
1390569217
1546764391
2116043986
1480523321
131455006
1742063852
452297927
1018967797
1289532721
1760884841
143524154
1706126906
1227229654
1269298921
627057992
1465055516
2289986651
116426171
673536754
151684654
1663116302
1771523527
312212567
2220744691
2265890222
1680521326
707049211
1170433154
2248287097
62177977
1732102654
737107211
54012422
1479979216
978832136
1152744121
1374216526
1016260987
1279041754
1170191254
1979242987
145769276
2080673287
881979001
24728029
455642579
837243661
405398576
738259526
929386942
272763047
387184879
98077016
174088471
752079937
49715407
733579057
1899960547
223460371
394959566
1609628692
25988446
1372487029
2291611151
1491098746
1632175546
82490591
931328062
758687582
97252432
1075992856
1373063407
1913484454
38443297
431460001
59268829
1523823616
223841062
297765407
214897547
1993235092
1545207437
154203142
1156780951
102395206
376517962
705170236
306937477
918339797
226089481
125508247
1676407657
1244580887
1004169706
429054572
69578707
2093400866
1500889867
80727572
552565147
2177175079
1975909817
1097250436
140977237
177802654
93797057
121656602
1523271611
1189475926
208090201
778762846
1344133477
575707279
1154136991
739681954
200130022
1374793267
1205380451
142779652
958891529
415714196
2133383861
1667848891
2163273977
882315029
855593662
126826702
1769202871
74438302
48871442
81415181
150034504
1811508337
725290742
336869947
1705893256
770811217
497212346
611363029
2259297811
2007910136
2090619454
1137907366
123740047
1447246901
996833576
409308967
1286030971
452237776
975693226
1201749826
1857420776
112207691
1095611456
2144437306
2406965654
342133562
559200404
261621376
635978281
82336529
85968829
261324092
716784454
318793876
2292559042
1003856029
951025079
423681496
73574516
153764417
1962229336
2206306379
1538155381
636905896
451846892
1685685017
70870466
2341229807
1486187941
1652348842
89144629
218687242
1950344741
891411977
1967620547
2282413267
406025257
191854667
1373535079
1324142992
2166564052
1974841282
1901625286
214007017
141262837
2361872086
59192641
1599431962
152207629
38522254
218854582
2067470057
923919592
1416051154
471014779
1880040541
142560056
2009114356
313563404
287700079
197875672
172487452
157043504
1992477502
684185537
1982893826
1814880629
1056781352
177482221
509523004
2126269867
357473692
85824652
345989666
624298781
2297775946
45396157
2290122004
995003746
736377877
1315306406
193012129
417735061
2305578466
2118061156
1124114821
195495652
2310198352
1746493652
590012777
42785876
867090547
1394368837
99482566
1663923829
1731984941
193798829
259225066
1548600379
97015486
2183778829
152451992
1902858896
537641237
1826406142
497685476
2361940816
265201966
1816085779
377891287
40369606
2362834397
138369931
1987808879
327206572
86073761
866008154
1672299029
2354386511
469083136
1513297606
113048167
554828017
58185079
33780091
326848529
1558354879
1124921029
295937957
255052406
27383701
147928601
168223654
576589862
1947597667
1178187154
1356814279
279483904
1244930152
79235167
300725551
1495306642
384573512
990236254
1877098357
1719764629
91618417
1076410402
116884406
718603006
1823445856
264189592
177557591
475907527
2144699272
83805932
1872199837
488797012
125492404
318920141
236259454
681450904
141212416
103327501
102295057
276818686
24398606
2174272597
1062074917
1603450136
2312238007
41646502
75343951
477853156
307755646
561979576
861270257
229504601
448007212
1421484541
1540319257
375695167
393920347
1588703897
1242187247
1446870322
2146336922
349893832
2091524827
158678206
1203270097
893059454
2057899936
746273662
585692426
375859654
422285392
1120845532
763134779
262376779
291044002
394453829
1178963962
1642017472
214793902
862183576
319855279
272529532
1300423502
39449404
1035557296
1798350379
53091361
1553780386
2408422907
125793592
222067276
28648666
114299641
119652716
1017613942
973927046
455944504
95876629
1319926511
274869182
1286436727
205284454
65259601
2250299242
794230441
220846637
801420631
1873362656
1687601657
1987178404
1243433647
29911246
86336371
155946631
378881629
1262656879
24321826
51141442
296692621
1346260106
108331841
1701223616
75860404
1882985029
502460851
155487796
895512361
1438276162
246475504
672766222
2387577754
264189592
53431954
48142579
534334396
743109077
1982830852
1163331731
244835257
483931606
252821342
788422196
881055254
267857086
506081206
1235318366
1762428136
1660406752
2159132042
223566086
740528371
1180275406
1354887541
1867857761
28331629
832993337
40901491
506431226
364378511
78682241
1542095881
99976871
568502341
1204693156
377369129
546333041
1375475026
170265832
1799130106
394425742
216392807
1845068632
2354317891
2300759696
2097414529
1713495071
895597004
92827126
585042322
2139724654
91835129
645500416
806834536
38128279
2280589417
552698129
142273147
400091329
898053391
199330562
1702157032
1847803237
2012538847
1359993782
2390757527
1220352907
1213692547
385850311
1666001227
328256254
1691031091
1210787446
2374535242
636192286
1531728227
910684504
614444041
664611112
1022672926
1423031227
1731867232
160787279
819214004
1168885426
61255847
2173217629
886815556
1107815986
171411871
2261785654
1260496946
1192892591
1398808279
215395391
1429172917
342290531
56812471
523245076
146453056
337831022
2241050827
1584366487
120303317
1883537377
915299506
571676392
1135618654
131228101
645213004
28716832
99426152
2026202312
174499222
76588877
994869922
689114251
552265996
678316529
776160301
1072470142
186524956
953905682
582274876
1438597981
2213353312
2166629879
2352191167
512208022
38794837
1985035537
1794454279
42462721
55825462
1639783279
1847013032
1403148826
564194437
1099593961
702918766
824403316
34184047
459636041
982552286
80422904
960731696
1951031812
1445740879
1644884047
1420738166
319678256
1930783012
94703204
2098191811
1354158862
994156346
2219611879
61966279
1976727127
107714504
1175518829
1441710754
1202583404
87920431
2317409161
1842275351
2057899936
719095927
217935004
821401247
59595904
1463973106
1372434637
717996566
1300321507
514258486
2194166891
479462062
2286536501
395043887
998843861
1080032527
870592129
1204594987
113740904
50989852
2097349762
359053004
2274447736
526452577
2354935507
368927867
539413436
823469654
1605206131
45120251
871510376
363784852
674564816
1394368837
1969628467
343102111
132250717
188675026
756546652
1879979222
535806481
1159524247
2153353126
2252312287
1207345231
528303766
1801710407
1258840577
118957601
67262602
104394026
1186843561
240583081
1823627029
1596435766
2006389532
504110629
1365057376
1861384606
1864375517
288420154
478100504
1612523656
1129336576
1616273941
1599149182
65088346
1563886702
321526762
2193570731
197378647
342316696
129725779
671373047
1356605917
1287400654
806392721
1832818241
1896448492
668188847
1306448287
839987579
1767180976
238110754
592936267
284804912
468531967
267001387
640623116
431518754
700596029
833769031
938332861
709005997
378909157
1271718529
2035826146
246364504
629007247
26053372
1629491329
34341329
395296904
231436856
164085671
470677222
35739286
975428197
945233461
624864277
1069230647
2278293754
298717904
432871177
322034132
429054572
513136631
542637097
737107211
87417254
117604117
1736991271
610489154
1431954371
719664892
1295379551
356591866
1146845779
1884151192
789534454
1180032491
382551631
94882201
439190704
659080972
160231852
2050336667
509810347
475599062
2051681654
1648384654
664246577
554062117
2401210351
1508020822
332162426
398508797
492493421
1835967907
652995592
1764981992
126763004
300259766
1013062579
286837177
384434857
1069138162
1158898297
721297172
2170844887
432724072
1668946426
2130771841
1724753279
507545731
188597332
1376839051
209541157
1757622406
842202362
186930781
504364681
1046691382
83430904
2275257154
704194157
553529629
69178204
356965841
134029379
699997237
1398808279
1886054654
197656904
1500013379
1559750879
1907797336
73453261
1537212629
1321828237
2097025942
2182391212
1798590277
1616899412
2257214456
1964547904
356218087
688705942
1407018629
1818678206
1042942957
354645029
2036655754
1008925661
1135761631
1753533811
1136476651
2132796017
144168691
312187579
1188403129
310615351
2294726386
329076686
944190241
1973773036
72751954
2368268254
1192404196
152399612
1070664676
900598021
48172021
1619857822
1190207656
1332647752
31098442
113937061
1020367726
423419551
50115067
1774024396
130645531
125730154
1011937579
1637779529
299696404
81440704
220468502
449415191
1556847901
166832512
466727629
854683841
2051553541
1811628722
407080312
615987451
2386955872
473842721
986945807
142037086
50065022
845406641
53804752
92323667
2077255741
1187184629
1139911879
1972202611
146984086
2306393404
1845372377
1601581907
1114510079
1176391766
2258625656
265109852
1110877681
1250925172
360608941
55941754
754564129
511376191
689819797
34532206
1578068111
575639416
71718277
1751816837
1102973029
883029301
161703137
267024496
559635241
1143208837
280999072
210217261
1248825277
1713553612
1489460911
1691729029
109882901
1013512754
855386842
2325995116
1774322236
1167676976
1736755517
338273056
1096828867
197577382
1579866367
96764917
28641097
1885440529
232147379
1716013237
519370336
190212761
139002802
269526154
391258352
256658497
91347887
1259242021
815009752
674454629
534694052
1191525337
1183240982
677322416
1546097029
921170504
1780582651
541451779
1401242392
1483790051
2291746552
183907432
2236099376
248856896
2018951741
46517836
271992827
1946349637
1101001276
961915592
1914783787
27000227
1522112726
1294463522
1484443829
934049032
2128552882
606616697
2203517306
729982946
608499056
112942936
70169782
2248622392
90861941
652959454
124685737
31860154
49735352
191482666
755457886
1175227922
148393379
284757181
1277625976
275432186
2236567522
60285691
175490746
356992561
1107110041
183236797
971765656
323634962
782358347
1766170462
488140636
296400379
2177373046
1174500812
460333654
572420531
26956154
1179838177
114103172
937120279
1085849902
1392890591
62099941
1205920606
808964977
403663492
479493029
536232127
547689157
817838347
1702857262
1071590366
196564879
1562768372
34582087
653176297
735227032
675446636
137821504
1577562536
1598866427
2305646372
177067972
671006662
1664500754
88744504
518468302
140624836
155946631
307532401
127720154
43715926
229868962
67007677
168315379
1551774196
594728317
1654016371
1348648081
1928484461
1723989841
472028176
2290731142
62736802
632559097
1489133452
171634129
925424732
86862791
441624341
1504892092
2376740986
1303842646
49148656
694172431
845447761
77507476
43809481
1268543266
365378029
190290787
429376861
1663289327
2115068281
390140212
2053924279
1085383937
465719941
654695206
1071451487
2194630627
877365106
1110170761
1257686782
35866216
204778204
26934131
431959529
789057676
46354007
529572241
213634786
1724577086
516120257
2225078696
893017192
164484454
1427035177
1599205736
199190821
1375160347
1975281232
406766504
1119378271
32012002
610803677
182911502
2245471606
1653613787
2011587307
86034404
1433881577
2345953754
625960654
345884452
188228504
306343129
118418356
228990701
576657781
2260911391
156636151
362545129
755108092
1910330767
1072794361
990147251
1486133422
637905622
761885131
1083521077
27695404
2400240256
59574071
343390322
402839921
130225592
1219167511
2407451356
309569404
357687632
233182811
1107863057
568805857
771793117
1226932417
149982541
253699076
582377257
2227080431
509618776
30697531
713078731
250824004
544747529
75061879
2025947686
28618396
1892632051
1517701966
936557561
709420279
722741191
2375362276
1984027529
499517029
2244332504
1302974677
1935384221
496550342
2111752567
743957452
1613205202
185387141
175041406
2099682004
893482129
396309782
743533204
1771166404
1125205642
823997311
1646031377
1574250217
30447307
1974652747
711267187
534203642
35124772
1850783221
154466677
152521846
1464622504
449985001
561074752
1115690704
1362237307
84311606
1140341647
1252476226
134914952
1381776166
171578551
1663981517
28053796
318011591
1606282861
272459497
968022001
24890041
1395636529
73441141
462581737
403606667
1109840942
2324222111
2214484526
589394612
2270874529
896189617
2340956101
2037740881
142087654
63794161
212169701
986679254
139520161
1654016371
808562792
2026329631
884626954
463372904
275479129
753787379
1449022862
120132751
1862483029
1609628692
2003033572
771439561
65133992
384074471
1762962511
834912817
201011276
683519852
307656416
35494526
1356397571
2145026752
36325027
567828151
1774560526
475444867
1122076879
2000629141
941758301
1472046671
186100279
26415547
1047972872
1930472317
513873712
1498699127
2041189672
125650879
42251029
31732562
404004526
506303932
32028007
566480971
927706276
1965927161
499738306
1952406317
1318642336
498064142
34101412
1785718442
257633651
91037272
419905711
1028832842
588399361
1363803652
1992098761
456669532
1485097751
105902182
730517977
1669755367
348968572
1431098251
1312333297
1810605577
58855826
1735341329
265017754
256930447
1997214802
562113686
1793855254
2143716982
1525093607
364891606
423419551
282138136
140658379
741760387
35984887
553895687
192462391
1259442767
541715071
1687834051
2149351831
1769857261
407365697
490205017
364324522
515188951
1868713546
24349732
876025154
192344692
1470961681
880719466
596592154
45015817
554062117
2092753861
52988366
89144629
1357543672
116136421
891116437
1264265471
1616387654
1764150301
2171899279
1112009221
35900102
1960726132
1809041326
65168237
605955079
1068999442
73392671
1196411987
468134102
693501904
1870731529
2160315047
1074972529
213345497
121687801
301928452
1576495477
248121227
124448977
2202654379
1462782917
2048032001
1688415106
1922713067
2307208486
312987691
1186843561
1240343722
134980666
2388752641
467522332
555494447
897163621
1556122579
1896818029
75061879
715081654
1130192197
310166872
2170515442
1196118506
127784092
592936267
664027904
1507471687
84727654
1427355736
265985581
1081659817
2001451547
1356762187
1338901879
818242832
2195491981
33125731
1307521954
873014006
123865931
416319941
2280656954
1942420957
1212953632
726052672
1288771066
1705718029
1114321237
96459106
29180981
76094617
1328623927
1038244097
1688938141
361011886
872512652
2312238007
1513792777
2138939716
1331512211
51577247
266423987
1143543577
135194347
599047192
1321159907
351986779
683002321
557262421
293582797
198492851
1092383912
1200230516
330386366
2344515527
177595282
1826164396
1494814504
1455975704
1589605921
577201277
36992902
1681797007
1048201792
587404951
202035152
271153829
335236672
1767002629
683889637
2041764754
786120727
1690856629
445347091
1676465561
75491329
1352754106
1267032631
1878936952
192501632
1357647887
952464836
910044454
255866132
362491276
2141098642
426772721
1310745601
2001957727
217997641
1369711631
1757029561
162243092
52546627
127912016
88651271
300970846
1332286391
493749601
1802851129
118880491
890567707
2237503961
1542318031
409223137
425313196
699174316
2361184841
637191452
144593516
1078824476
1307215147
362895271
687259276
286166927
865342402
701644531
541418872
841791997
830790704
303922186
762353629
118865072
432106504
334770751
1414401892
800060002
375530716
479926672
921728581
1005021362
1839787471
278633422
941064037
944581381
741644842
200090011
1558578197
219608404
807517579
1861933777
581012917
1650165077
223122251
1810485226
1083753847
1919489821
1070016931
296814431
435405296
185444912
1742595131
1602204529
106747967
1986989281
1541485051
442903204
56461252
675262876
1996266892
976135021
848122706
1134332266
875104531
727654027
74450504
593074021
1451015386
1971574616
1934762116
1539819766
160769347
1847013032
1469660221
1621907536
345279782
806593531
396478721
721829011
1826043529
2393593456
2296149262
1125964786
1556903702
93345617
658101061
182338157
517438366
228648421
182892376
1962855841
283446146
361388171
650035597
300161752
88292117
215457662
1713377992
1322393879
113620276
946581806
939762982
372849779
148031822
1416157591
25158872
612027592
47341316
331106512
790647496
1645113481
1314896122
506399401
386656337
369281077
1181052902
1598583697
1771166404
1333628836
59388652
2262323746
2291408057
2278833806
1486296982
479678852
265570582
128664862
2091589504
2028303587
1425486316
1602430967
466544332
813516617
237587302
1228964254
916069807
34134454
43613131
900088807
1423031227
1076828029
421820536
1435167101
717541904
1251925742
139086182
66915097
138353296
936081547
2120991016
859942657
186273952
2283561991
938766116
69060629
2359261087
645716017
744266072
1076549602
1350466436
1497330727
39192232
750219481
1860469501
1665539471
1922651056
439694686
575198404
2036400472
342787837
122234431
2213020657
1284864779
1872199837
731244404
1798350379
1201112579
227644454
844296779
1655109346
2187018317
1125632629
243443146
1445472029
1452362461
451396082
286119082
317608207
865633637
84714637
2150925667
70466257
1396376282
1523934029
835689404
141262837
2018443417
1237854647
486798004
27896716
863928529
668956754
2097025942
194626586
1250925172
2250030904
990236254
1263561586
44250529
190993741
1255631329
929343829
1567972001
42490372
319273816
157770967
1699707361
1637321701
436882021
161235904
98315254
1072377517
858491767
53153206
57818882
890314504
385766977
1102738204
1222527629
220636522
830831467
1212904379
2305238951
647334172
1163283496
2346296254
860481871
1594119881
57475282
1493393227
490674802
834381676
1859859556
184022521
1085477122
1327799279
967494067
537772411
693539147
991260076
92731772
142881061
160643851
29318654
40270826
2331864487
1148762279
1026067651
1647695716
2377223629
1570380904
438094801
552066607
2225612404
1695919681
254465521
2273908204
1059679667
1229906407
526744654
509363404
1875015704
180471502
590390704
494001029
123127279
828021166
1524762254
414014701
52947196
197756329
687481741
45339004
105814879
2092559779
207539752
427415704
330180754
994468504
37623476
82156972
1334920286
1533887579
1731926086
225834379
29934454
32598776
1281217511
570696221
232902154
730326872
737299201
1082404129
1320388967
1812772579
143659726
223692977
451546327
1751639267
1078731577
773601446
724795702
284494732
1808199317
94923532
1325429842
2284237846
2378602879
799420106
716140936
129725779
683630777
400119617
302297167
1967620547
540925387
1044313552
1434042236
887026141
291768247
201954754
216455222
147825416
516377317
1225100251
651731357
120055261
849564811
217309129
1800750079
2066248471
1249025191
960819367
68205361
873599101
1292835826
1505440757
2142473071
1945538632
2013934846
911794457
2150991256
630888482
1304353351
1201455691
1270962154
464256157
2030788316
1120703497
2131294117
402811537
614654392
950763422
409051504
461396254
1553836132
1774560526
659662004
801260497
254623462
150658762
391510154
114224056
582240751
749367542
2253990512
247431136
74487116
454074181
577439137
1090701866
52433921
1139768641
1330377154
821684992
722399056
362922212
129935261
1274544317
299500576
667567531
511184326
478935776
746428204
63286876
1571782279
922716362
1725223171
156636151
1469985532
813072976
2129988547
2334391957
805148257
924693511
744922102
87761377
590837501
2152631306
1440798041
199150904
24594592
554195279
58131154
1732809016
1810003862
236455132
340200571
58325401
339548771
53721796
1778315704
915470656
648774232
148221154
567322771
1433239031
39600551
94882201
1230005602
28823029
179750281
1204447741
50335562
673940542
47926946
1773428791
1157935627
43613131
318087254
1609912397
1302923629
85236097
2167090696
52065911
2372606056
34715279
43352017
1592200666
690414221
1548711686
1226486629
225069937
104712157
1253277146
569008246
1430777272
2096054632
292832101
146042596
230297992
1009959097
55645976
252169654
97377991
567154361
1251675562
343337911
197299181
946929922
181689454
68217041
169712677
542077202
1118053829
745578421
772618396
558999767
1355460212
1758452557
1642877182
157132129
1813434977
725900254
1314332086
24791362
920912987
1878569161
330000896
67518011
111983096
1378203752
63062066
2051361379
939286154
48398042
825743842
218917351
1684698082
769123811
111444986
41354966
574282996
637869904
1274544317
2189863111
112792691
260935591
876904382
76948216
2205708572
54637832
2247549536
2014759982
2334255302
892890412
55235306
31090556
1425966907
1871098552
82028837
1613546029
1736225129
779157551
1615819129
1460782327
225388297
61810522
33919967
2363590636
509746486
1707587581
236912029
677543267
2077062379
1118526754
1411212502
2167222367
1783209341
94455641
86034404
128008001
1018020004
2145157751
1585379896
2011967896
1041253796
1605659447
321095812
494975917
29741329
2224878572
1856019202
750103279
316324129
1852304546
302641504
251877791
868298629
1199201852
1556122579
1534884716
2100589337
2261449379
1891586279
318062032
822090427
556261336
62457077
1414295521
432841754
1598357531
313838932
79449316
1882003277
91320856
1493666497
1624357504
2136716507
63095762
1201700801
32316781
353926316
125492404
2326199737
1734104387
140926867
34051879
1098890641
563690677
152172736
38504701
340122322
384462586
1039383622
1707178529
134832832
877113787
915898601
1189914937
1664500754
1690856629
507800647
384739931
90727186
1053244357
1370706262
688297754
188150902
804666787
2264947861
50626954
129226927
152382154
664137236
282090629
53235722
1425165967
2221477841
940196567
861975961
1055678276
103888906
557362579
196545052
198712081
116578816
845982412
173510507
405882787
1064703586
140557762
1661328904
302370937
2012919526
773758792
1952656279
370505032
980337061
31581379
2311286056
356511754
1853582942
1623730592
34848727
360072031
1018200502
1250375029
2136128204
915641822
1052418382
1706185321
1887959077
1816688504
1036240051
1329809807
1951594051
1233330946
262605904
135029962
2405370121
1346675254
1539264871
1423404691
81198397
2137762579
120272296
2216348332
726205106
261644251
1010948096
1569596407
1286233841
419065726
44203504
2036209021
159177404
1561147504
813355279
1406329096
1337246471
2191650322
388048012
1841243587
869173972
873014006
808321529
2360360279
188015137
813032651
857994601
524086501
1011307852
93154426
206217587
82773412
1518418279
187724377
39325147
1098796882
79059026
1939430341
1150056821
1547932621
2164392322
878328829
785882836
1626752281
1262154404
817757462
205994254
741182752
1952906257
1169417342
1213594012
533517446
364486501
146247754
55393076
270571954
106879511
79651132
111788629
432988879
1252376129
1951406629
787628206
71013404
2388268829
185290876
175865636
82683371
986146256
775766356
790647496
2273975642
1326459772
169620572
2248354154
63185662
1230600856
277336577
1325429842
386406101
1273080571
75638851
1614682379
329718361
787469456
226174547
834136591
1274089961
1530510802
374353204
547490596
191287021
1277676526
1698832906
2392763254
48132767
838676491
371894629
1851452527
629539387
1268744752
848575807
43519786
1554393647
1556903702
527101747
959899021
32890106
2116954847
28361747
1174500812
1490771107
1632518371
274869182
314565904
218457254
1928173951
1953218752
25909202
960293401
438065201
86915521
685443826
1131571379
1678608712
1910145337
2355553204
59552242
1266428629
1506263942
493246937
975914111
2116239154
1468142579
864177952
119111896
360072031
2153025011
247564627
946320761
2313054121
1065719029
197995051
126031627
2052578557
1127958757
764268157
99158404
548781886
854766532
151702072
73332106
454104317
706485256
880803407
976974707
2369989129
645751954
443707156
395690647
125444881
1523713207
287100704
550638706
2152959391
1246677212
2283426832
190798346
943799182
461457011
1997214802
2371641757
1917259927
266423987
1880899112
1175712787
135227236
1493994454
1867857761
355951222
780184252
1904524904
120039766
1994182282
216559267
959636146
25729552
632310142
1229460079
130597042
433607077
2301573782
1196363071
141380521
428205481
1211181154
829079561
2357338117
800940277
469910497
1299862579
103644004
1940800754
2345200342
154185581
104799004
1308903031
418892041
1769024422
941150806
2048608046
971060416
753205079
871802647
397775116
1455651947
695439866
1091636176
59105629
100472401
269363656
2265755587
529311917
1053290254
392602232
1501437802
889976956
459454142
104033101
348730846
73404787
122907682
1817894254
293558566
1806035051
338195029
1022311154
1010004041
680417606
172710406
815655856
297570211
658246187
65591332
292179052
2296759201
2128683377
305873012
1314024481
2012094767
1296652351
1669177532
747433117
33239782
2381776672
1486787716
2022448201
1026248861
1572006557
155012029
637298552
996297842
93222686
992774521
2053539742
245167297
593659654
1185041587
366216517
384074471
772264651
138852781
24545522
2116824712
2011270177
632985991
1032646736
548815016
31900079
510928562
1768548602
815130877
2047840004
111564454
2011650736
2281062197
278067154
617392231
759349936
2038060091
1260547156
213676129
300848186
42324601
141986527
315193279
1872567004
517888837
363434281
711455782
1985602654
768770867
399695402
1526474632
89318296
1066319291
1934140111
257565557
97741172
849441154
179030504
2207037142
53091361
1845190127
487016446
1076085637
2044449541
24468511
1237207897
1248375529
1453494487
30854441
1193723092
289189226
75848087
1340092336
728264531
450405092
2408214701
1403413711
495447982
359133401
1455813821
1403996546
57089956
515606329
330052279
1078685129
1019058086
1704550079
2028112517
78594454
354378754
38618867
906336601
689931232
37251397
1776407816
750103279
194035151
2280116686
249504292
1006995004
1389040279
440970754
846887591
31390927
1973773036
204575879
51607721
342159721
446511787
738490097
306689762
539085031
1762903132
317583004
1725105692
90014654
764463652
477482254
867257129
1426714654
1444396879
50405821
2074227437
2234160436
63737696
68556196
173771404
648126007
27339316
2365516154
254082154
968154007
2312578037
2021557906
731206162
510353327
2177967001
1851269977
93345617
734996971
882567092
1406806447
1690275154
370559477
166230262
715459879
76911004
309818279
320462587
597006736
412950692
702056657
29810782
48457091
263890852
730403311
1426340756
827248151
1811087021
383492666
452087416
2041892561
1291717379
558632026
26824151
51050461
2400586696
168811126
106353821
53970856
1609288279
2348009129
162369211
2054308852
1975721231
737875321
1860286507
966394667
1859737579
851585816
2345953754
138919447
2077384654
835934717
804706904
1106169131
139470052
541583417
229140529
614654392
408251026
1439831954
893397586
868173616
914828926
51607721
1475847286
497622379
472366217
1594119881
1079428417
1772059279
48506326
997905476
111743776
25379251
1464027217
354378754
1107345331
165647302
525414737
1652463817
29564206
1085803301
773640781
1565117327
106149736
76292129
2096378377
105117751
826638131
2016664787
535021117
383825072
82003222
877281329
820712356
1953468766
1345222516
28429571
868381976
1603110377
1151928002
229204756
43110256
1481285236
328051306
1274746279
226578829
1202093029
560672842
1298129582
1331563816
2307072629
385655879
514386776
1073767312
902381404
357553912
239837852
652092442
738336379
26524687
699660529
1811448146
219629362
311812879
1695046201
34507279
123174361
436882021
619784029
140172397
1465217912
222847717
1451015386
471536696
266770352
103241266
27199001
442873442
198413161
433165462
1920791191
1724048561
646506862
720423862
1937873641
346779281
2320950647
763877242
1184214112
47780201
89452001
356618572
2141425847
28876201
2336989162
782121026
2025502129
299769856
1398702496
441267779
2040103627
524799004
129291241
932839222
1632689797
345148402
315921817
822779896
1367252779
33697946
484958797
1796551654
1440744361
31161566
245632531
1745016427
344649386
388215181
2408422907
2145747296
1307521954
595107751
2036209021
2372330522
1272626476
1115029477
922931167
113138404
80258116
629574871
240035006
1765160237
664756954
1281015037
2141229521
1554449404
1403307754
526290347
2018570492
48407881
198871597
1816447402
1244331442
1961101879
606233611
2044577432
790210136
365567281
119575381
51689029
224900237
1293344371
42232646
785327897
353181754
1010093932
94744496
1513957852
262353872
83134066
406281766
47653204
832381202
1122361132
1013872966
1464947257
606477379
1950282286
390363712
1514563204
1412913062
1771047371
1483299812
1524210079
299378216
1631147287
230169241
638941879
1441603361
178538857
585213367
2379430621
282779872
243641776
1152504056
1799550029
1155771082
125033392
405654887
154238267
47623921
2036017579
127241129
1969753996
127400704
278326622
57368117
421530131
229504601
176729401
25529086
1907920879
74487116
180718567
1345015046
1821091426
582343129
466177846
33370366
787152004
1500561154
884542831
729600901
928137071
891327532
685999321
707688632
994602301
426948032
100444052
2340340321
188053922
1508899646
87166207
132023126
2099034029
493403992
518597116
1646892137
485987077
230040526
384850897
1958973122
385183891
58812436
62189129
173640931
1294107376
85196932
1427943521
418863097
2013807917
1138384471
642808441
610768726
1770868829
535511902
1754244529
333762367
2137239511
807718529
2011270177
52834061
1658678407
239487556
2107984916
244901647
255413902
467766992
1738759936
578799277
69131162
831810079
1729572706
43903136
581081096
1431312257
274095992
206095754
559467976
177331529
1264516906
441030151
1032464962
660606727
1495142587
679348231
36256871
346489651
1157310106
1470310879
513553177
2238306779
52957487
590115836
249884191
1033237612
318995912
50556541
601680706
453803002
767830079
444452206
2353631746
1565453036
742376779
172357462
71084927
195179404
1465434454
1097672086
380066236
113093281
185175391
1402301362
456397579
385517029
1325687287
150242446
598182167
26350171
48181837
1780582651
1862483029
83715331
79071601
2151647201
1661559482
1687136917
835566761
1389251117
265824154
293970629
2112207511
1734575551
1305323966
1305886066
190329806
356885687
314189779
2124183611
146590004
521241329
61666066
119343526
657230641
361253761
1657296379
685999321
1119330956
90834982
214234651
418342276
1324915027
743263291
1531174792
239706461
377341657
801140407
154466677
540826717
91523686
972250657
1403996546
1908909367
307755646
1364273731
1298231491
2407035037
59377754
192227029
100614206
1243234181
1374006832
1629205904
1648327237
418631581
207825079
546167776
270432397
723806129
121531846
711003196
340200571
1408132847
1508954581
459817976
1170917029
2198408587
49069372
885889279
488890816
982596616
1148235082
1824774667
284470879
1946973602
77669417
1448484577
1027245802
1600902821
130597042
888669562
1082729846
255255716
2213552917
173324272
28467286
311987711
219231331
473411836
2404329841
57786626
956003402
168278686
1218772507
392322067
1509558932
145752202
345253504
1421964457
649855327
1469985532
92228572
2085191332
904166551
262720504
1424045029
1375842197
1673629441
742222657
495196186
2115653677
521176756
1446977911
1609855654
115026529
124243967
135770482
1602600806
201011276
119714602
238940731
119528992
1976224147
910812541
364486501
440436361
677064802
26111152
1174840102
113620276
796064852
1930596592
415887221
1000408816
1972202611
2123075704
857497579
1257937562
2008290377
1386669454
1318796404
1432810747
1134332266
69295879
159516592
446930254
1422764497
1193185676
961433176
95309722
172524601
32671487
1209852646
1322085332
359964697
84363556
939893047
1935322006
301118071
74157932
1383669316
54648286
237129754
1908476872
124827901
1179789601
708102529
1765932736
808804091
669139654
427737377
2268314336
1290294601
1569036172
217601092
1763556356
406053754
593280682
1145409454
2389582147
390587276
886310254
1360463204
451065631
80841971
1473349187
331183717
580842487
502809617
163850254
527134216
2129988547
890019146
1940551552
1209164077
1738818907
921556847
661006621
2223144541
84962131
626349922
546597517
267579412
185117662
1346260106
302518504
2165247722
252663961
1518473387
236194246
454104317
1283344454
1386090227
2126791591
1074647981
1175373371
1162222579
1082915992
453893386
79878481
291478441
287604137
253428842
1209705079
44495462
174891754
2057515027
1245079852
507290879
2001767902
93687517
321146497
1843793176
97643326
59847271
2071523162
1590677407
381943342
150676121
1967934217
1386353497
2230685822
864302677
253699076
451696597
1964861329
171578551
1225496279
2349654077
853733182
896358971
1122124252
453863257
712323641
818485571
2375362276
260981282
179181916
948061741
230147786
2013490612
1086968626
281070196
627872767
113198582
62044231
1933766956
1319977891
2302591592
214565971
275925287
663153572
871969681
597421462
1028742121
113349097
312487501
672839587
182988016
1289380372
909020842
991304602
192678266
1129954492
31804301
1962229336
946103251
1597622602
410998786
996387121
1714373291
1753474591
1597792186
64575931
782674831
1263913504
242913862
421239826
158553529
74658091
96918004
129757996
300308779
702693817
170838371
367001779
1137144206
681229417
1626124907
144168691
247720412
355524446
671079931
1953281254
1466625721
199730092
1481502962
1390411012
124638367
1694464006
127624277
661515752
203969504
37337762
1518583606
968242016
853526587
878496487
557128891
94331981
1307777654
327667201
749870902
2344857922
1431472772
510736781
1412434676
441683782
1033101241
970135177
1000587746
79071601
580229146
63073297
1324966504
74719201
1298741096
1596153251
918982757
1219365037
176240926
1666751717
361872254
1413285196
345752957
86757379
59486779
176447506
2394077807
1898543011
390671129
1414880611
1265019851
97895029
600293926
169215607
1155626851
1206755629
308972512
2300352707
799420106
1363020367
764346352
1071682957
375914491
2155191032
2004236329
1996393267
96514672
85157776
302789137
58034152
1309210036
1467925837
419673907
1281774397
284494732
246742006
1452631951
587987779
2098450937
129034081
390615226
2306529241
516152386
1128243754
96264751
830749942
1866330061
1086036316
349259236
1726515704
1034465356
1376366812
54648286
610593986
1399654687
279294796
88212404
1954906657
1005604282
1253377279
1196265242
2165642579
1787511737
328820191
404061379
1916083561
1639726012
634374391
1071266329
503317129
67855426
683963606
362114417
177519904
373068271
944972602
1570661129
894581552
739797346
886899787
1182219626
1035648317
2071845007
388633261
31980004
471168254
37684222
57196861
745423967
98764486
416262232
846064681
1274948257
951548501
66153754
2069206616
523309777
44194102
2092559779
75700361
187588766
1717419529
2117540504
1820427631
1673340176
1230055201
1086782132
223375817
39591652
251877791
494975917
122203162
63062066
1142635111
26212421
299794342
2250567596
416868376
1204496822
916455079
1502588791
1112386529
448306597
206136361
1967432357
515766904
41509717
462368846
952202981
670603754
38689207
1654534051
1265271361
2252513641
773011541
1577057042
1555285879
1162752977
730021156
2282345704
514643404
2396084926
1118195696
661188431
2008480511
111878362
45940906
2362834397
1202730536
903741356
2045856562
829079561
1706360572
1429440247
87496607
1823868607
2376672041
448965596
348810079
736454632
83508427
1303025726
1155290347
2251439857
736224379
207173191
2015394817
1030103356
619115267
1579922579
1258790401
1714607521
1342112146
1758630472
243024082
775648192
1935508654
80587861
45291404
110105381
1829792266
1390305547
34498972
147498901
1998036506
84389537
1834211029
288228046
161469436
70882372
239159386
741221254
699660529
60549511
306863152
1290396202
206136361
1727338477
1311360079
900216097
2228615704
1746611857
549411527
1455759862
1488533204
216413611
239400022
2035634722
845776757
1004528254
173305654
139737404
1864864057
36958504
246986426
2168605154
534269017
780500296
1919985529
1241041111
926586677
352570736
2075451379
723882226
1450746046
2294252192
756079942
1061890571
366893417
456820652
895766302
448875704
1985980777
2203517306
393022667
300946312
2164458116
184694591
101737981
235759756
267833941
1998162937
733540754
1576888562
59345066
1278788879
375037579
652417504
636977279
894496957
83366329
2400725279
1670737916
788978227
46027216
1405957879
253991992
599151037
331338154
1108333822
1321879654
437739667
29594972
2204446801
554794706
1988439454
833401552
178161127
1479489607
45825952
424089127
100997579
119699129
1725751876
1372067921
2276943904
81338636
1201798852
1473566329
2359810651
1843914629
801620821
306070912
451546327
544285522
726815002
1050629881
487890704
1166420851
1531285471
175022696
839741672
268876456
1407071677
45186772
221982986
500022877
1522940456
1002333152
1358325382
1218821879
2278428761
505953956
391034596
132967279
582957586
837407351
1974715591
1023803876
726624382
2079834761
415887221
100855504
93441286
104451832
40495501
160823146
1120987576
636727456
402527752
1038061831
1421804476
129034081
832666837
205710187
327923246
1658390437
504745879
771086086
821603917
1976915761
866466007
1667791136
1466409091
127384742
1647523504
2320405627
61300129
730441532
686999779
1838635121
2381845691
163036654
945972757
866923981
215395391
587816329
57079271
277902101
174517904
1492464296
1517316329
1119946129
163470322
555061222
203081782
104683216
316475062
513296821
752351446
614128582
2098386154
59040412
1049163529
349074254
1263511316
1331357402
2004362956
1577562536
205041376
367083061
575028829
444482021
1970507254
448306597
2026456954
441475756
2385159779
340852996
469634629
623804182
160393006
46730279
668371642
52188437
533615447
45234317
1769381329
2252715004
143371712
134914952
833728196
382109191
287676092
671043296
2312306011
2096054632
2177967001
80714866
86770552
1487060381
248054402
118095397
576827596
969166352
587953487
341610592
1906315132
1624699507
678869129
334537912
93359281
2314074466
127464562
413381882
163850254
284852647
1257736936
233398816
770732692
1343977936
755185817
583674862
219084779
237739916
928524872
140339882
1009509712
1426233937
1014323321
1372801402
1647293902
1529681017
205345246
2092106956
729486307
79121911
186003829
947844031
2247549536
53804752
564228029
257179861
801140407
883785904
1630062254
1863398629
98371352
1841547017
1234771666
26306632
439516777
2147581954
2094565727
384989627
404203529
1513517672
1246777081
1408928987
403890832
1328675476
1300984546
636156616
2055013996
282970156
1858335131
1210885867
2353974806
1259191837
683039281
1423084576
361764652
70395046
870425227
796503829
1343770562
971413004
1856019202
48476782
2367717706
65442521
1119189017
524410306
438183607
2113897732
1423724842
199310596
554062117
1942296302
1133998877
218624506
416117977
959899021
1266428629
179522827
637477072
43305472
1110029404
73162657
1375947112
60791852
1101799154
423477754
1041801482
1116919217
961477027
1191427706
2124444337
1300474501
1878998254
412318687
502841329
196763204
441089552
389581742
200650529
701195077
2128161421
1029422626
2149876379
88984471
95752042
1576495477
100713529
290007487
461062162
113529847
254578331
262285157
528531329
1335126976
664100791
473688811
2239511276
79134491
1104899537
2258827292
28016356
686814454
697231154
464682856
1180712716
363353404
2033465879
765950231
151197356
40046776
1182171001
2038060091
2260104529
1689868181
65122579
656433262
119312629
988901629
845201056
1760647471
140876506
1260195707
335702917
252911296
2040806329
1123545907
296497777
1483408747
423914404
1501328207
1882125982
257021129
1374845704
47224622
192521254
810453931
101766512
2345063371
793632721
856214272
71228081
1158802012
186177457
537674029
134553811
1388513254
502397452
1823325079
36359129
565438007
1097906371
2165510956
553496357
2316251954
390727036
135968296
739681954
675189379
209172832
797661712
256703812
145240447
153799492
63647404
546696712
873390116
2164655504
2338083154
2272424821
25087987
169234004
652851046
598078406
403379407
198532702
2014696504
633982637
999112052
197696671
810011126
346068587
1278940601
156813196
1155098081
149497987
696932446
986057437
131228101
93045262
854270446
360608941
923446801
212272711
299109112
303897532
1686381851
1774322236
1184457457
562818026
29135162
1077013667
359294222
2389029127
1770273754
107230691
444124307
72643432
86375797
1124873597
876653129
104610881
205730471
2376809932
787707587
1672877404
1967495086
118018567
861477787
157948652
2068756327
893313047
1454519081
1862605096
547589872
1832878786
1579023307
141094802
1643794454
470799956
2160906671
764776496
1808800732
439309262
169860097
368846381
2098321372
75872722
675998066
863097379
2024038501
926500582
948323026
1461647279
64974301
1033419454
69225262
164266876
1520899129
263179154
156848617
1627094536
139988279
2196950042
2048864092
1671142579
1145888129
411228182
130661696
1768667551
2023656772
553196954
1422444454
1604073121
36273904
415800704
1062489754
1874219701
120241279
337363301
722627137
559601786
562281346
664246577
92228572
540629404
866174632
1228914677
268737337
334848382
157433641
773522779
1576102441
1527911561
274728521
53628547
516280912
70122404
921256351
1550381771
211634452
174125792
1276968917
1018155376
2008290377
1714490404
1954343941
327360079
477296857
364783556
69425437
1165068857
234263836
1777302011
158339911
531885421
1222626526
754214542
88212404
585452872
157877566
1593442379
467552911
147877004
2191981367
319172746
1322856767
1144404562
796623571
1903599254
634588126
641410837
1035739342
57443122
246164767
425342362
548550004
548914412
1168015279
831157607
566581954
1287299171
25479092
1871037379
43510457
267671954
624051457
413036912
1320543137
763486427
746737336
61599451
2192643532
1065903707
1997846867
39236512
1883782891
29013154
550107866
41191427
187608136
1271617666
1557126916
1374216526
2057130154
480608507
1012342507
1573352561
428995987
827817706
122860651
271293572
73017571
226919557
1754185297
346147517
1200867529
203666654
63613561
1369449946
122046877
195080629
379625236
153676747
136265287
2119037551
84181801
637512779
671776186
60957362
2249762582
1208475704
1973521726
512848352
1172562952
46440704
1500561154
1923395254
141397337
1232883997
130322441
756041056
86744207
2082931697
1554393647
1287299171
92772632
109616222
1215368254
1186599971
67506391
1358898779
527458961
104336236
1644539926
200570407
309494761
1597848716
251877791
67227811
1047011681
1974024362
625076404
332781302
1046096671
196346837
1396957654
1665770341
217601092
346542302
833687362
1205478652
1288771066
405569441
2155781954
1525811662
599393377
857538992
1187184629
949063529
1103113936
1473077782
1273080571
393695831
1192160036
580876571
2373088279
1939243504
288612326
2148040741
1245129754
2215882307
203807956
964461241
305057351
1419299282
46962587
1106169131
1475575651
174051154
492681746
838185097
1803151379
86270681
973441627
393359177
1806275461
1166420851
1275453272
123362779
33739006
2406271879
1714080526
48368531
833442379
1111537676
153659216
306293626
1681159106
690971726
1163910629
40964827
270758086
1937437877
415166521
1705659622
1552944316
81338636
1235417779
1058207011
2213153716
1334248654
543658826
1541262961
229397491
1779508654
1894416682
553130431
441743227
424671797
1238800201
554295161
184636937
1616558231
105960404
2198474896
2177769007
131990629
348994991
335936161
893186246
1679130226
167179756
216309601
411515017
289742629
158624767
476679127
303256879
441119254
1142921956
93495976
444571472
1451769671
2111492621
2251238551
1162367221
460242631
544450502
2167485721
513104596
1637722297
1916145466
1470527797
92772632
425779972
184540867
990147251
739066682
241131781
760792529
1684001596
902848772
845242171
670420654
1896448492
1234622587
2114027777
86402086
2121056147
166759454
2262727357
2022575402
210217261
463433791
65191072
652056329
89064532
1186210279
139620406
527329051
2092171642
349867379
1321262716
1600959406
2223277904
2273908204
397239392
115345267
1462079851
802582081
254330182
42971086
667823332
374517397
2334596947
312562504
487547152
237369367
610524097
2150597737
582036022
393471379
2156701327
241109821
375064967
345568906
2082350846
754253381
924263516
285736466
1029876421
251563666
164702176
1383984967
2393039972
1457055154
1675654996
772697017
805870732
559233847
2252916376
130048129
2204181211
115634029
29541142
2121968086
1561929887
2119167754
1141965946
872554426
1805133656
573368317
63163181
1781895754
835566761
1316229779
786874286
2276943904
377808817
38742004
1700640361
2077578031
740951761
1570324862
651226006
561811961
450105007
25507654
1510218362
794031176
103500079
205547951
152591716
189939796
60681637
553895687
34723612
244901647
1315973254
1467492401
799260172
1032828526
1679419991
425488207
35925527
206786617
517888837
1253026831
2141818526
94084904
1745075504
1434952807
1525093607
776239102
684185537
1142491702
595797941
2081576504
1300678507
385489262
189861842
119652716
2195226931
1565229226
1872995411
1803091327
395746912
518242916
664246577
1692368932
2379361637
1214333122
2011143332
468654421
1134808621
1361245754
162765904
588948361
70004029
1467980021
336869947
1426607821
788779622
2156701327
130613204
117113861
1105510732
2290189682
1168111946
645428557
1477260191
1443644512
2188473562
398367652
280738361
193739771
2083512629
132413402
471843841
1316691587
164285002
702993757
222109427
516602297
355391131
1270407622
2093465572
525868666
425371529
640014754
588056366
332188201
2000692397
274939526
800180011
1208082436
1149864991
1597170422
689856941
2065220047
68217041
906762406
959548529
2191451707
1010004041
80625952
523309777
1217045117
1608891176
2153090632
78996166
1741591672
2205310079
90592531
244945912
41291329
1794454279
322846756
713380879
292420837
1215023161
1476879727
80030227
2274515182
136034266
2403428447
504142382
855924626
160249754
768849292
348730846
624758227
1251575497
265754986
82876376
1824351811
526063267
1121934766
1722756952
59345066
2085901756
1510987879
113484646
171745312
1651946461
855138691
995226806
2277348817
