1000
31
85
29
45
46
52
67
67
41
16
21
4
89
1
54
55
67
45
43
4
15
93
89
86
4
56
42
46
79
36
54
40
89
29
68
55
35
75
5
87
3
22
32
21
4
59
24
89
100
4
19
45
25
29
6
31
66
56
51
80
57
12
25
15
30
7
64
5
52
17
76
28
67
13
59
13
33
88
97
86
54
29
62
15
1
38
50
99
37
24
36
78
87
23
31
4
20
19
18
4
21
72
28
34
84
93
17
91
59
18
67
13
47
79
54
17
6
68
93
13
9
38
17
88
92
47
48
21
8
35
60
8
41
34
38
28
89
73
41
34
44
69
65
25
91
19
49
78
26
83
97
74
83
49
43
65
16
55
2
16
97
19
17
48
8
65
62
75
42
96
17
84
59
11
26
40
49
72
31
14
54
34
42
9
50
19
11
85
34
4
26
64
45
20
45
49
6
57
41
66
10
20
13
69
95
63
81
93
81
99
2
49
53
28
73
91
42
51
46
44
26
97
38
20
76
70
10
4
2
55
78
20
53
80
74
9
90
95
72
8
4
14
7
17
55
49
62
9
51
8
8
74
58
40
81
1
45
31
81
82
95
35
72
15
7
51
19
27
68
78
42
76
49
19
4
30
86
58
53
51
69
35
2
16
88
84
63
71
54
52
84
58
82
99
16
19
39
30
94
66
71
11
42
41
44
81
29
7
75
45
17
49
95
57
30
39
84
26
8
36
63
24
97
67
80
49
20
90
29
33
21
38
43
30
79
7
31
79
59
56
11
39
44
32
34
93
73
3
68
40
3
78
40
78
96
90
36
92
44
29
90
57
51
37
50
12
45
7
7
72
8
76
2
28
29
78
17
36
55
52
7
18
13
62
21
31
43
18
45
29
51
68
84
53
82
82
56
59
66
41
5
39
40
3
18
63
54
70
99
78
81
70
81
37
66
100
99
43
58
68
51
97
45
67
56
48
71
73
14
96
22
18
71
10
36
60
9
48
30
2
68
66
70
10
32
10
99
86
54
95
74
18
52
27
13
10
29
84
8
53
49
29
49
14
84
32
6
58
18
58
62
11
37
26
83
58
92
66
72
28
46
26
48
13
100
12
12
41
25
77
47
19
4
18
12
68
17
63
16
90
97
25
21
44
82
39
75
68
31
88
5
17
39
37
14
3
79
59
68
16
91
11
33
67
18
3
98
2
47
42
96
24
18
39
24
80
49
9
37
4
68
87
80
66
92
58
4
68
49
95
6
28
7
69
34
23
47
40
89
50
15
93
16
35
31
58
63
46
69
71
42
69
70
55
51
36
21
23
94
46
71
38
48
50
23
42
43
4
31
49
42
35
40
72
66
3
62
4
91
41
12
10
70
34
83
7
87
43
57
29
47
4
85
63
91
66
49
77
15
78
46
35
53
67
80
63
68
94
99
96
65
41
77
35
73
51
64
78
99
19
35
30
13
2
45
49
57
23
40
2
97
37
37
83
53
5
15
48
90
36
18
33
34
98
32
30
33
9
85
97
48
69
57
70
68
33
13
24
76
31
12
36
99
2
29
48
25
7
94
33
77
7
2
29
16
6
72
77
67
61
8
4
43
17
27
74
71
66
75
80
72
81
48
12
65
94
43
25
12
59
66
45
8
16
73
5
52
15
41
99
19
4
10
26
14
34
75
94
25
89
98
28
26
1
41
30
28
97
69
40
71
75
41
38
17
48
13
16
17
75
58
90
34
99
13
32
93
87
49
46
11
4
83
90
67
48
13
74
87
45
12
32
4
19
25
78
2
20
50
81
15
37
48
14
85
64
44
40
9
77
55
76
27
22
95
30
29
45
76
71
44
52
71
15
100
30
80
45
25
5
44
36
2
25
100
37
12
26
46
15
78
27
76
93
98
45
39
49
56
38
1
70
72
10
77
62
5
45
88
9
46
72
98
28
68
88
27
67
15
83
100
73
78
32
7
97
31
23
12
54
89
66
81
25
77
41
100
41
91
88
95
98
4
57
18
50
29
27
24
1
57
40
27
83
65
59
35
78
98
50
57
26
58
4
73
18
85
73
76
81
74
26
61
25
74
15
13
46
39
40
83
96
2
97
19
60
62
89
19
25
55
96
34
31
80
9
73
33
84
1
96
40
82
76
16
26
51
82
90
70
94
50
87
80
65
46
28
62
34
8
78
89
47
92
61
42
4
67
28
77
70
49
30
28
58
40
72
80
86
14
49
70
92
8
2
2
88
79
82
25
95
91
29
24
77
18
59
2
25
61