7500
167
55
443
912
492
642
467
805
890
684
561
408
99
791
897
909
430
775
501
366
530
907
884
613
582
576
482
830
152
216
225
826
828
790
886
461
184
333
23
210
878
908
26
53
383
611
22
652
314
522
77
218
956
380
418
694
564
30
857
274
578
466
278
15
994
180
231
347
484
309
374
573
467
600
518
785
161
957
456
973
841
539
974
375
401
208
776
913
114
117
236
980
201
179
75
898
300
469
567
599
574
548
920
674
495
203
870
68
196
687
210
598
153
440
371
209
532
284
910
35
928
594
846
331
639
359
223
888
561
419
298
745
117
553
387
683
417
170
736
17
818
904
265
324
888
907
292
485
685
941
65
790
944
121
407
314
262
192
386
817
880
917
770
525
280
690
210
241
316
248
125
825
121
585
356
709
316
148
746
421
225
629
208
349
10
392
745
223
329
552
86
202
107
403
827
919
167
10
484
238
841
601
762
819
800
150
889
393
728
348
276
92
438
487
352
713
675
228
759
900
686
661
77
746
76
490
463
272
919
258
360
999
43
644
430
622
166
505
776
969
812
254
582
477
566
398
198
276
988
606
634
923
948
783
616
126
994
675
897
901
318
88
35
617
858
222
691
449
968
512
806
807
510
896
782
398
479
13
40
324
804
937
915
302
676
611
534
874
637
11
634
18
207
411
114
134
26
525
113
976
41
538
14
448
85
832
258
57
925
278
193
976
466
237
99
562
257
524
504
249
715
322
479
974
34
251
693
382
252
391
532
50
14
750
710
418
403
425
67
349
163
884
150
990
886
103
74
129
987
299
785
434
393
533
151
116
242
992
113
691
303
880
973
804
530
76
484
504
601
424
530
932
708
373
524
205
625
985
234
312
904
646
17
141
910
462
989
337
820
224
629
342
765
762
906
339
748
428
985
591
335
691
197
386
179
619
727
180
909
231
294
955
500
525
710
888
189
742
550
616
406
355
252
114
35
787
556
623
975
647
887
380
174
789
682
403
432
198
67
362
900
762
714
617
383
570
296
390
400
946
38
754
247
984
861
666
222
852
498
241
477
973
922
8
686
787
732
350
419
757
905
209
941
115
621
136
574
499
843
516
696
316
348
262
429
864
470
183
779
331
350
519
206
231
889
684
262
24
929
751
957
930
963
695
726
893
701
880
760
52
382
121
147
506
764
33
652
233
145
994
183
882
324
757
631
241
764
78
664
503
696
212
927
378
394
553
94
163
353
135
167
287
400
419
710
173
284
295
92
844
351
600
565
376
425
113
729
391
706
136
534
815
20
197
618
115
510
419
180
961
241
625
218
231
402
774
753
438
397
796
683
960
961
486
611
559
929
382
85
413
81
772
856
150
300
196
180
786
680
471
111
583
7
244
482
604
74
810
230
469
108
445
194
493
12
338
670
283
170
522
330
587
366
183
546
193
254
196
940
139
808
652
30
245
677
859
631
342
886
815
481
881
955
377
34
909
546
676
217
848
421
110
610
62
651
562
699
731
785
569
181
317
289
410
61
687
388
658
263
140
38
859
780
426
842
875
910
738
128
663
757
269
481
801
882
244
443
745
92
373
92
501
930
511
513
70
519
781
31
375
284
189
468
735
528
290
567
832
691
332
805
584
305
542
117
547
474
178
914
145
751
933
236
343
565
720
887
319
435
731
785
270
540
809
456
169
88
827
610
759
341
662
851
929
687
513
633
833
200
145
433
777
52
847
929
85
812
445
464
784
364
404
429
767
752
620
423
938
158
576
244
583
978
900
457
158
512
294
840
400
193
913
935
764
20
555
891
281
863
609
457
698
975
50
366
367
312
288
690
32
759
878
585
131
107
974
597
433
576
325
313
984
794
703
537
821
640
760
469
999
131
642
554
979
557
992
181
130
733
703
869
921
471
223
57
44
678
401
168
850
544
124
271
350
856
459
832
869
470
222
157
8
146
93
867
951
525
172
206
159
931
667
549
168
718
707
854
669
288
888
579
779
691
128
802
316
98
263
857
926
802
508
11
253
948
172
837
694
291
562
496
547
902
157
925
75
649
78
649
78
641
74
507
834
443
536
731
919
177
97
333
553
678
600
197
891
717
491
108
400
137
28
749
6
838
78
995
820
741
572
271
435
325
399
769
317
519
248
196
470
157
900
677
216
18
901
880
589
860
308
854
487
913
173
587
515
693
651
777
251
530
791
46
844
70
321
70
634
703
771
61
483
694
698
203
895
785
535
403
370
316
455
133
821
613
496
911
375
457
513
431
894
988
833
278
801
266
210
601
128
227
642
742
1
282
689
590
830
13
287
300
316
639
982
104
840
581
716
99
969
444
58
805
793
837
617
602
834
763
981
279
651
435
927
386
433
495
986
347
587
955
45
829
448
690
148
691
184
469
85
550
883
149
402
615
502
528
467
856
541
674
594
424
63
586
379
780
970
669
306
742
298
472
274
424
678
291
13
782
627
405
320
45
398
637
708
599
578
496
798
572
796
950
322
440
541
513
437
413
100
862
444
642
398
795
5
758
675
855
270
975
277
109
35
247
44
709
69
244
109
250
883
561
411
684
260
581
108
180
649
362
621
978
659
528
514
627
306
14
956
189
391
919
650
957
508
272
204
877
298
121
89
183
93
306
223
521
735
153
209
229
236
758
71
666
524
896
584
213
549
119
486
9
673
673
377
825
59
245
750
228
545
608
230
534
672
170
136
523
332
284
470
877
103
262
663
657
681
415
308
932
262
267
728
834
307
519
824
169
398
356
23
693
997
255
410
606
764
846
316
431
773
814
94
507
726
377
505
670
824
301
698
273
790
184
95
323
313
555
604
211
507
419
22
339
520
645
793
45
51
848
76
914
599
856
383
665
612
619
361
347
307
964
632
944
408
221
863
153
722
964
540
611
251
982
954
188
67
740
473
362
279
546
903
983
788
448
919
778
991
487
216
700
401
919
973
206
943
901
867
52
761
600
299
185
314
180
138
720
422
268
337
474
711
794
143
862
517
849
581
861
645
218
841
733
621
252
66
558
288
899
276
337
401
317
952
792
707
267
379
183
653
554
484
51
804
204
250
736
534
772
758
782
611
286
232
406
877
630
99
419
71
198
543
695
187
677
597
290
653
593
402
144
273
959
430
343
368
861
708
705
138
578
591
974
819
475
369
269
829
274
94
83
802
717
536
308
393
200
364
448
810
83
166
583
578
91
832
285
178
116
652
893
848
102
322
981
541
748
205
860
720
782
887
588
833
264
487
13
756
354
37
274
514
463
976
936
705
154
329
902
446
39
526
745
563
346
648
107
792
374
41
235
916
386
465
514
506
706
681
858
608
342
455
629
943
798
763
1
903
325
516
172
533
293
331
621
278
303
215
122
205
827
438
304
723
580
655
282
763
604
562
186
810
548
164
34
50
783
348
248
363
25
831
480
801
15
663
840
204
290
493
491
293
917
903
365
506
479
183
111
171
741
439
268
736
978
868
590
382
508
190
912
491
372
730
871
275
226
355
788
462
90
437
344
850
469
935
828
733
705
93
855
348
391
789
408
567
611
533
433
128
270
689
578
954
133
714
63
887
857
665
714
440
875
69
624
305
666
377
811
443
518
394
77
569
68
8
5
449
62
772
346
995
558
892
995
23
393
828
836
440
592
232
295
7
362
656
245
897
866
118
581
778
346
754
886
507
981
724
162
829
50
385
705
159
404
732
194
657
359
100
205
509
815
618
722
116
502
925
50
553
467
109
889
285
514
498
850
809
696
172
222
545
458
837
245
380
20
315
993
897
17
870
184
647
554
186
605
429
282
599
650
123
38
682
167
872
10
571
968
306
86
529
529
883
32
455
384
403
911
239
701
182
43
953
157
84
377
603
727
881
730
645
893
777
826
238
646
902
528
372
362
904
888
436
841
1000
206
997
599
908
931
364
292
818
93
367
353
773
163
500
130
94
999
804
592
207
496
171
388
950
653
190
887
659
583
61
343
823
612
826
179
617
778
689
692
64
712
904
173
856
693
226
84
815
234
577
224
389
257
951
563
843
334
657
712
665
843
845
466
66
38
58
9
118
203
274
347
865
581
6
131
816
792
363
63
25
333
374
704
47
910
773
304
377
7
137
599
914
814
1000
520
598
649
169
580
432
153
386
590
672
695
379
577
788
744
191
948
678
609
15
541
575
483
884
644
299
878
871
914
870
683
171
933
14
601
613
543
168
721
69
199
165
669
396
217
984
872
801
708
481
811
383
166
407
194
293
975
483
756
164
370
98
662
906
815
212
753
466
149
452
145
554
833
251
539
660
609
952
986
503
481
717
852
579
730
263
493
762
395
841
158
879
693
638
316
95
442
739
178
363
917
915
419
557
481
548
483
472
800
824
414
450
750
488
120
730
31
853
594
792
323
431
2
442
1000
58
132
903
957
102
80
653
751
100
872
184
103
479
91
834
370
464
608
239
11
893
828
184
605
89
323
729
837
459
347
70
329
115
717
816
71
508
249
411
825
91
493
84
857
419
460
728
340
697
888
43
733
17
183
2
240
952
789
297
713
165
481
76
289
590
339
253
787
643
886
159
455
129
171
148
655
436
160
413
623
867
686
998
943
698
725
535
345
108
473
475
395
809
693
591
137
301
227
865
555
168
942
459
265
652
529
858
965
607
554
464
644
621
812
810
685
8
567
92
795
833
830
725
573
929
416
419
860
196
236
103
444
835
735
271
563
340
28
434
657
719
944
905
972
858
579
804
113
316
919
341
103
14
829
526
632
934
345
759
788
124
584
321
658
425
135
602
523
344
950
559
716
315
509
630
798
636
391
214
605
798
538
128
704
544
794
155
609
956
503
22
487
491
318
381
636
837
304
821
299
376
164
143
337
595
803
185
914
985
397
162
557
432
698
232
276
281
737
706
423
931
696
813
100
546
797
691
572
972
427
995
845
530
532
831
80
605
569
173
825
733
638
755
822
221
93
949
457
433
26
377
512
904
727
263
216
45
489
778
586
429
831
904
290
498
373
592
837
105
305
584
308
986
875
59
767
326
759
664
447
309
933
93
732
496
157
439
953
397
647
588
995
154
394
742
189
543
852
556
40
961
666
255
155
979
866
303
688
744
598
387
568
780
403
919
893
233
493
702
985
126
112
42
601
420
818
147
681
486
758
896
716
456
277
880
130
50
416
440
753
188
40
72
899
76
633
221
3
786
879
805
787
808
470
438
101
234
275
543
172
1000
705
175
766
410
867
671
762
372
739
463
237
943
580
849
105
234
791
918
127
860
359
899
817
635
75
37
160
930
745
880
186
715
500
307
620
943
968
567
114
691
575
579
512
913
680
716
934
115
890
218
810
17
733
673
361
616
434
71
872
942
544
18
354
881
534
568
119
728
446
940
27
271
872
176
802
386
203
780
110
195
941
690
887
6
533
32
160
940
624
457
240
585
907
48
457
816
859
420
784
691
910
419
241
671
167
808
200
890
448
638
713
991
8
257
52
945
888
726
7
900
36
233
203
202
614
174
352
147
660
57
163
862
974
645
617
870
104
685
60
38
633
747
561
578
991
822
931
436
334
390
144
801
188
520
645
791
998
430
317
457
336
660
793
687
697
258
729
674
268
376
852
93
373
31
848
907
603
970
226
243
346
938
979
688
649
407
477
797
849
116
173
338
46
830
556
661
302
316
921
957
105
808
208
258
230
110
928
535
707
9
374
553
277
763
21
677
228
611
101
40
815
943
946
546
563
357
164
126
917
835
93
50
728
19
28
41
484
840
241
199
630
936
912
903
613
727
330
196
8
669
355
487
778
867
453
383
769
837
154
605
384
715
834
181
538
18
561
611
656
772
731
591
277
220
698
456
604
727
134
275
994
212
31
823
331
29
272
825
894
97
441
487
651
427
981
243
133
747
713
95
669
32
585
211
762
485
262
949
512
665
314
511
581
157
397
803
211
236
98
309
256
817
666
130
351
33
365
352
473
422
860
922
141
903
804
990
702
235
128
267
753
218
108
596
869
884
763
146
943
460
147
242
988
834
326
685
835
228
951
892
763
206
131
750
706
264
480
395
850
959
508
523
809
812
907
338
748
114
310
520
52
618
242
932
251
988
742
803
827
834
717
284
258
411
738
83
591
859
502
203
790
984
739
887
999
483
401
396
668
944
485
978
234
243
367
154
925
940
607
189
303
565
807
68
456
961
534
863
259
660
204
999
979
688
284
189
779
775
750
508
387
961
251
18
731
446
524
474
694
977
983
942
210
395
773
488
490
465
440
605
103
683
173
280
241
406
238
734
757
755
696
805
335
49
151
679
3
528
685
960
642
354
106
370
43
515
864
25
344
410
209
932
357
550
642
35
965
357
929
552
958
903
391
930
186
403
223
584
673
609
641
689
735
620
114
330
222
17
702
541
721
55
941
78
538
912
668
246
213
346
646
414
378
147
755
470
781
806
323
418
843
312
201
588
539
835
625
317
67
270
985
96
426
619
634
180
100
771
724
655
327
642
141
711
670
898
620
315
367
647
405
703
158
306
703
759
26
442
179
314
477
290
898
991
369
21
948
864
334
704
621
743
386
141
170
231
566
667
125
36
373
515
775
751
682
734
239
295
273
812
807
378
796
76
580
805
146
865
18
259
383
956
851
760
90
633
583
493
514
983
704
847
744
528
46
595
352
483
525
661
555
584
153
637
95
394
710
840
248
687
632
920
538
281
285
719
658
777
796
111
499
28
601
46
786
743
20
684
483
901
903
953
87
917
974
399
44
934
916
947
495
829
989
350
405
619
384
423
839
707
484
453
2
635
934
757
931
925
780
78
291
930
835
847
384
306
18
333
561
909
209
912
728
393
968
389
319
161
844
639
260
636
295
970
730
724
519
745
131
219
208
650
58
872
828
247
357
848
225
414
46
816
153
579
872
536
421
981
17
926
337
764
645
10
299
232
345
208
754
28
384
385
621
437
28
575
445
282
602
247
734
814
750
579
410
456
73
134
878
756
774
870
697
204
258
11
493
645
136
545
301
858
696
705
857
368
50
674
598
440
103
309
705
773
30
706
618
740
623
216
265
924
346
728
688
488
776
89
821
758
551
614
6
257
884
689
566
986
983
257
186
298
778
468
440
135
649
927
699
841
311
602
104
491
873
454
263
830
594
804
401
683
704
862
202
702
628
65
56
843
590
724
511
4
734
797
766
530
129
61
660
902
544
52
552
14
370
489
482
404
600
705
99
111
675
481
22
83
938
654
77
673
157
142
254
65
95
446
499
924
715
817
399
959
876
263
779
597
78
686
460
92
755
614
217
50
636
640
446
436
900
413
927
46
533
246
564
562
893
657
660
594
870
420
914
543
956
130
176
730
444
578
618
964
825
675
487
198
846
194
575
373
130
427
168
422
32
873
844
558
691
215
316
740
327
479
779
741
818
780
691
994
880
355
239
899
882
891
336
474
309
637
320
581
202
918
753
638
363
414
403
421
463
592
192
776
562
685
499
13
555
390
299
484
474
827
52
85
264
493
233
535
882
144
247
330
775
64
605
605
538
159
666
887
940
439
928
762
177
531
37
441
866
486
371
55
123
152
467
168
394
236
461
655
49
1000
293
206
133
263
924
401
533
240
468
328
708
970
119
960
372
750
955
10
148
216
321
757
517
366
498
161
477
773
280
727
351
176
61
968
149
555
10
963
114
385
276
839
689
900
223
665
121
934
648
233
5
701
207
173
389
548
36
773
605
550
527
376
186
546
446
495
697
385
794
437
833
321
155
260
573
842
204
976
55
343
405
669
170
855
11
658
122
312
257
821
808
46
525
928
188
785
411
95
501
181
112
286
985
16
781
662
399
931
337
515
855
846
944
627
17
355
441
835
314
407
315
292
419
407
592
628
367
635
868
365
43
168
29
308
777
21
756
680
370
383
618
609
424
370
616
888
384
558
956
937
740
871
585
712
209
98
59
207
354
599
66
121
809
765
524
549
731
819
935
865
871
899
461
100
617
452
864
194
881
533
892
84
339
843
799
271
233
70
637
450
716
716
399
94
605
102
361
915
77
760
709
279
623
639
651
409
656
632
405
498
853
165
630
625
149
543
461
827
816
214
276
442
633
121
659
224
917
828
623
368
517
64
576
114
711
999
819
36
290
261
193
971
586
615
436
85
446
398
861
42
681
831
345
745
647
871
529
130
951
783
300
873
808
27
647
806
424
419
699
426
674
395
943
80
812
856
649
551
433
143
593
785
723
613
4
443
762
483
504
821
689
394
299
853
541
162
817
444
42
929
849
917
274
638
520
907
890
980
90
339
803
775
380
450
399
689
128
865
528
56
190
63
857
975
145
872
757
603
406
130
155
124
503
133
28
979
729
569
992
524
520
985
202
542
56
85
320
749
89
238
500
61
546
699
712
90
340
739
723
818
634
321
880
840
667
245
935
266
747
505
331
884
785
470
724
962
382
623
711
181
826
158
861
188
87
150
44
684
69
393
662
126
730
847
498
943
719
939
503
669
526
23
180
696
669
447
631
250
531
611
880
576
297
894
775
869
757
14
394
254
280
169
403
698
559
199
875
723
970
925
812
826
45
867
244
126
40
223
506
912
410
718
395
457
872
262
332
358
809
696
973
306
632
71
888
640
716
116
282
720
420
133
356
503
539
108
613
365
58
902
863
880
914
300
307
351
538
98
166
844
108
828
917
333
226
206
986
505
70
690
687
98
676
764
737
894
344
957
555
728
212
357
586
568
715
224
425
684
823
923
826
983
994
935
274
473
161
555
300
87
102
887
382
423
997
150
85
14
484
933
379
216
561
531
90
928
377
794
693
192
381
913
370
317
576
544
571
937
839
673
290
417
290
911
997
170
377
541
580
263
942
666
689
488
773
476
279
247
736
629
33
419
890
595
14
410
937
388
491
993
638
505
403
494
965
819
169
69
367
853
707
96
35
836
193
416
269
187
208
1000
806
736
963
425
298
39
267
677
205
442
158
167
665
373
965
61
145
156
412
282
612
108
374
190
488
835
568
45
797
288
605
443
761
82
158
380
575
423
278
79
192
165
33
558
503
147
372
29
738
875
302
757
334
756
894
526
785
975
595
763
595
55
5
225
583
856
559
516
233
816
736
743
829
151
704
819
631
537
39
472
205
696
904
493
165
737
721
775
551
453
624
567
255
126
478
119
813
242
761
259
980
72
713
507
532
312
688
731
283
132
229
256
179
214
921
582
462
11
564
121
530
149
635
117
69
101
309
197
868
920
817
320
950
199
724
99
336
467
324
320
608
943
936
999
102
152
925
399
3
657
475
895
649
987
210
811
143
400
443
95
182
656
296
219
116
472
259
940
347
742
852
381
607
997
136
582
549
218
965
687
165
474
380
190
876
121
779
280
932
256
605
138
671
579
593
633
689
340
592
366
400
277
108
652
44
922
945
81
772
644
243
1000
434
414
53
995
919
851
856
985
535
657
376
467
80
758
761
262
520
43
833
397
142
293
479
857
157
631
503
502
49
228
955
61
227
122
702
467
149
969
353
279
868
149
370
906
745
1000
514
940
720
588
654
441
72
648
459
376
140
66
965
868
106
229
898
31
215
225
866
673
340
448
588
183
532
666
382
969
38
96
871
962
876
923
722
405
562
250
44
354
19
162
821
248
867
954
393
510
851
355
499
990
434
865
470
367
256
939
332
558
301
486
511
942
943
749
105
374
538
592
228
694
282
198
519
996
513
634
472
517
716
986
314
197
56
692
395
168
528
420
697
586
452
639
311
379
402
449
284
794
348
928
491
979
241
140
368
117
660
919
112
450
46
286
578
845
735
732
268
143
135
354
772
730
923
603
507
880
972
454
668
253
3
289
546
131
807
78
593
375
313
899
826
116
304
384
964
964
439
576
923
395
73
993
61
305
95
254
762
33
424
847
265
344
872
229
818
2
338
960
563
373
729
389
344
675
689
510
257
614
229
533
255
299
189
685
272
758
312
718
96
217
322
755
460
946
890
199
987
561
551
597
897
780
462
202
914
643
366
217
578
283
692
707
847
249
599
18
106
53
177
467
463
956
169
246
482
958
787
981
747
151
479
881
212
393
410
766
843
488
936
98
17
83
274
6
972
390
75
483
180
73
338
326
654
4
105
418
293
128
991
816
34
188
173
263
573
302
44
771
369
769
359
878
985
168
307
861
182
828
648
559
201
288
183
978
182
921
450
480
366
137
195
37
742
110
492
798
564
235
219
550
536
201
857
122
862
741
492
761
545
802
926
271
985
336
861
506
566
430
143
126
35
782
31
505
724
791
9
537
33
471
541
571
944
808
602
227
173
595
849
791
635
210
302
978
922
928
998
181
847
166
44
715
655
657
56
765
104
156
883
149
468
607
503
9
187
734
390
193
235
842
920
571
782
805
448
356
383
884
248
606
812
104
107
812
919
101
822
388
200
469
160
3
961
527
331
329
854
174
727
540
139
591
568
500
434
140
672
610
377
405
314
42
938
357
369
633
263
745
61
587
561
523
60
376
414
388
873
394
963
371
159
31
433
482
753
163
696
403
738
962
482
62
692
426
913
853
492
854
426
53
146
78
732
407
737
218
585
759
139
156
73
290
152
554
79
421
699
813
246
601
550
888
770
31
508
866
319
886
977
647
269
657
830
830
661
3
986
193
4
501
257
260
208
559
583
984
430
473
502
825
483
512
615
880
211
198
105
858
296
22
309
166
894
532
236
76
380
528
909
21
357
491
217
792
93
255
424
964
384
754
801
854
715
270
351
396
325
631
853
905
604
311
782
211
758
67
835
361
236
549
324
935
610
324
411
566
271
380
140
510
77
675
815
883
651
155
209
827
742
982
970
370
93
700
741
748
278
818
362
647
989
388
964
113
977
553
396
337
977
381
204
416
245
899
559
726
633
21
938
139
920
500
633
574
376
259
642
454
805
551
157
363
583
559
910
938
609
911
35
814
917
236
544
130
691
8
52
537
670
931
484
360
659
987
202
513
822
958
552
663
600
246
828
374
26
35
818
869
842
435
699
407
541
735
745
779
353
759
873
705
131
620
558
173
407
486
517
295
69
3
740
531
757
873
659
701
110
679
112
596
651
116
923
487
558
555
829
680
442
784
265
211
525
148
625
487
896
833
879
660
148
897
424
543
723
800
747
494
565
829
626
613
826
754
544
136
525
216
154
393
637
476
882
802
681
428
742
742
78
345
739
926
21
332
529
661
340
515
310
969
635
996
599
450
182
284
505
296
360
327
644
27
878
329
366
250
655
512
580
127
72
975
501
321
833
972
240
859
351
94
383
252
87
266
3
885
112
443
658
217
15
799
944
215
476
972
419
445
354
714
510
430
365
13
83
186
446
509
737
621
627
862
898
782
863
940
804
11
852
548
970
96
53
65
688
554
132
133
461
622
557
112
138
923
336
659
611
879
226
620
447
991
119
123
522
986
131
393
784
33
845
221
112
604
419
533
134
947
812
204
558
389
305
328
67
496
496
990
775
156
109
982
52
417
494
920
621
37
536
50
19
413
474
135
308
607
217
394
437
256
623
592
676
478
245
380
765
633
954
599
904
617
229
977
204
16
796
848
550
876
824
227
864
133
292
407
140
583
546
486
404
351
152
948
777
721
125
203
44
84
863
118
446
515
817
280
494
233
151
136
246
817
978
832
698
340
959
446
153
472
279
560
680
446
299
160
672
891
847
302
308
577
242
763
792
131
250
46
519
193
640
527
188
702
427
436
239
230
165
638
270
668
360
984
133
850
904
179
763
822
647
912
746
465
821
463
912
282
510
803
582
987
9
667
121
175
426
583
287
479
552
700
442
122
24
247
998
791
908
984
530
197
281
786
244
990
255
825
594
219
627
67
576
290
727
582
494
907
899
581
186
528
331
532
352
896
491
877
324
398
466
926
338
567
534
840
627
15
482
983
615
521
764
447
442
428
768
126
621
982
738
530
177
712
717
62
746
700
858
912
736
167
142
865
548
309
680
787
343
509
481
602
312
70
538
356
720
601
940
340
799
343
50
78
477
378
175
446
581
173
581
154
115
698
738
590
135
391
103
712
907
829
912
559
564
934
691
619
469
834
497
364
648
196
243
353
635
818
524
946
431
180
778
957
117
811
286
141
713
183
736
502
891
350
731
327
489
39
857
555
888
986
338
757
684
642
19
59
537
337
947
12
644
184
687
104
266
250
814
386
182
348
887
927
446
925
853
45
435
409
295
753
444
149
83
642
734
182
776
708
757
804
656
56
864
799
831
157
868
809
881
392
194
478
802
584
665
644
848
500
723
937
603
133
233
305
689
835
11
169
726
984
629
716
471
365
522
979
500
760
540
865
427
909
658
786
494
900
854
985
711
39
727
440
268
342
102
938
532
933
660
807
884
270
669
730
822
646
236
686
368
924
760
672
570
21
61
810
552
690
980
975
230
139
463
270
363
289
432
246
751
564
59
46
387
484
791
289
523
901
710
589
959
726
320
283
790
508
424
813
988
867
831
616
41
394
427
18
959
518
597
863
340
611
149
615
306
773
77
40
667
790
607
458
114
564
699
170
913
33
649
476
732
245
194
54
964
364
810
700
407
871
208
26
686
235
294
224
517
766
999
931
974
461
499
857
509
759
889
170
388
750
861
942
88
572
9
809
553
370
899
49
464
394
530
129
907
326
31
619
74
706
36
188
725
813
394
204
678
103
109
232
690
561
868
513
66
197
213
342
255
471
636
479
900
858
316
714
875
418
623
565
256
743
27
68
364
159
613
790
373
241
248
664
198
725
223
926
667
244
769
827
31
708
451
217
736
147
756
815
548
352
107
23
76
548
176
533
67
157
941
901
50
189
336
721
430
387
973
366
876
94
789
84
999
57
878
348
382
123
531
963
538
655
604
197
928
148
895
22
76
127
530
855
834
17
130
86
775
983
664
173
821
915
10
819
257
204
415
327
252
32
260
197
913
608
771
370
172
210
556
81
493
452
689
532
859
237
555
844
567
241
50
905
580
330
298
875
277
982
608
261
242
614
418
928
623
525
650
598
820
115
550
6
7
440
292
279
524
847
39
310
248
886
592
53
752
932
829
345
157
578
31
65
791
827
611
789
425
400
901
627
663
462
279
971
331
487
645
460
251
376
82
97
73
200
575
340
866
129
387
160
660
340
132
84
299
458
394
690
611
401
15
267
638
156
723
827
304
347
31
119
949
792
87
772
884
787
358
116
35
362
322
71
641
322
487
332
930
908
330
695
317
118
123
583
108
243
829
28
409
946
161
463
208
425
347
996
225
265
895
683
691
874
33
101
217
338
762
31
800
408
920
997
419
362
987
270
439
413
670
24
597
425
942
552
395
766
970
962
351
980
430
810
289
326
252
97
119
698
160
817
708
721
911
553
321
320
663
325
527
8
40
353
514
249
519
856
309
315
659
654
372
110
830
787
798
403
965
182
661
127
432
985
942
414
402
572
638
508
520
514
136
586
379
795
861
161
622
321
994
593
53
94
820
159
645
162
741
777
40
584
263
278
659
496
197
141
17
809
72
436
431
873
992
821
715
386
117
704
223
955
355
845
741
304
419
679
701
491
927
745
723
900
931
438
323
687
228
470
102
522
558
774
51
873
620
834
919
101
779
9
279
408
148
668
402
860
208
791
636
328
156
621
451
550
417
38
548
187
542
44
272
270
585
622
224
477
967
199
1
718
697
452
673
360
519
556
256
316
398
221
137
887
511
793
28
523
927
190
687
929
94
706
91
112
759
742
587
132
388
414
618
663
356
378
522
792
363
358
479
281
717
31
419
336
506
252
2
104
121
172
164
518
550
933
762
419
268
559
767
411
110
479
363
619
650
122
452
158
952
936
532
396
749
774
975
764
745
561
355
382
734
283
490
221
70
558
142
918
399
666
228
749
384
988
171
673
555
451
242
787
686
310
704
883
496
547
904
242
791
659
454
705
478
332
699
290
973
216
312
871
359
734
120
286
582
548
77
117
963
16
103
764
472
255
274
690
355
625
759
644
482
612
227
933
231
686
55
706
700
36
885
752
654
582
126
364
52
656
417
286
363
411
560
490
75
66
655
849
414
779
671
426
202
161
717
79
189
384
273
866
53
729
78
815
630
728
807
551
848
174
770
659
282
925
235
468
794
884
647
789
531
411
54
66
120
119
930
767
226
25
851
639
104
576
556
728
717
191
73
508
613
640
537
419
25
110
633
937
102
684
753
260
982
752
735
318
873
569
155
307
197
516
134
94
888
581
726
518
471
821
521
214
82
175
379
40
733
175
603
771
855
392
666
510
132
91
235
265
683
460
35
359
987
364
515
962
999
887
862
875
65
57
801
376
852
456
826
571
68
620
895
349
557
895
909
551
829
451
879
68
690
914
117
331
952
757
649
422
426
555
372
256
26
84
454
571
293
4
570
79
284
652
683
164
275
541
442
708
336
590
628
288
330
524
712
420
715
814
776
542
175
263
486
392
579
534
58
88
763
893
894
17
879
620
811
561
941
43
284
728
213
10
402
783
854
113
123
11
749
170
485
746
208
54
815
265
380
1
755
188
123
20
107
278
245
457
321
683
518
56
741
611
240
458
670
838
493
808
4
273
278
967
711
252
370
291
118
104
970
720
598
413
979
777
415
410
435
673
771
161
541
544
488
387
263
964
213
486
314
278
134
774
683
452
571
881
845
975
858
298
695
132
895
876
313
214
151
321
813
622
737
798
508
637
791
14
945
695
973
521
112
900
294
357
632
602
261
324
666
278
839
453
310
148
71
667
661
553
678
613
754
368
94
676
642
697
453
355
327
933
101
385
800
425
750
693
316
193
188
279
46
902
429
33
256
256
449
819
636
627
114
663
177
675
191
675
120
465
281
489
937
61
843
114
106
658
219
384
218
743
574
655
998
566
325
38
909
196
918
238
807
323
442
155
266
920
104
908
455
412
325
223
826
477
826
554
306
895
823
392
470
451
831
219
614
101
110
284
212
569
149
383
466
153
825
520
771
881
781
381
799
841
551
887
82
822
623
504
431
413
77
720
972
236
868
505
1
397
682
872
714
693
671
484
393
634
247
282
82
718
354
76
76
930
385
437
88
809
189
822
664
396
321
302
703
166
946
322
707
559
794
16
930
771
87
10
808
550
247
648
786
859
663
794
66
727
143
368
784
476
895
647
108
898
114
825
43
281
935
888
349
399
672
357
644
938
649
951
102
359
837
321
936
773
41
749
427
837
237
362
783
945
54
999
117
495
394
447
682
315
979
132
746
556
312
577
245
514
302
37
378
912
276
3
254
669
134
630
749
605
994
491
251
432
247
105
412
116
634
535
565
667
680
336
770
634
586
718
483
875
308
199
144
557
300
704
977
167
892
817
209
628
949
362
954
202
825
225
48
607
58
845
582
29
230
881
350
612
379
251
516
78
899
802
450
862
892
41
853
362
985
202
806
982
783
668
379
62
378
832
240
603
837
652
333
417
729
310
105
842
202
592
723
92
423
338
267
90
351
539
715
217
402
163
353
623
228
395
299
998
857
435
306
649
734
859
705
294
547
410
318
547
100
773
289
515
267
508
287
750
328
371
264
972
728
849
295
864
605
219
762
273
633
12
809
168
832
640
890
482
892
970
168
741
238
949
681
465
205
176
975
691
993
788
115
812
864
710
941
492
863
3
360
843
507
822
15
285
478
680
262
646
180
486
52
516
211
468
637
976
951
723
332
210
919
51
939
587
200
650
195
130
30
903
911
356
584
24
571
157
305
432
937
238
736
574
920
25
848
180
290
101
964
945
324
149
194
472
950
177
537
904
939
108
708
258
726
910
65
667
423
319
358
409
792
183
977
787
215
604
925
63
429
114
27
926
702
358
462
643
767
558
241
82
738
159
945
819
202
22
783
108
851
7
350
263
455
193
800
805
955
296
590
510
776
402
116
826
561
643
821
34
479
277
921
335
33
819
803
659
279
425
802
222
873
456
116
265
234
367
761
281
601
665
950
9
401
796
943
465
811
815
662
573
798
867
622
625
830
765
762
978
509
93
487
959
26
927
853
85
300
90
12
627
260
880
117
112
173
863
164
477
646
698
251
241
940
797
210
758
313
72
922
527
134
637
820
813
209
883
177
944
641
802
662
307
217
16
147
697
880
843
655
737
347
80
480
618
904
134
747
625
83
544
504
280
737
392
169
736
157
734
542
658
404
245
348
561
640
588
431
151
392
735
991
838
293
308
876
151
962
612
142
697
721
16
953
118
136
792
197
518
895
97
329
566
824
734
647
528
656
441
979
807
5
477
189
172
330
152
504
768
772
718
984
6
370
168
690
802
905
869
92
556
980
117
126
116
616
14
741
822
720
619
290
662
68
672
388
356
601
632
657
480
723
136
669
161
936
942
948
357
780
652
414
386
887
409
557
390
927
888
720
772
734
785
294
808
163
473
40
910
643
443
194
187
588
71
602
768
859
228
880
707
160
77
413
998
444
622
620
644
1000
810
647
861
422
7
899
149
609
891
432
868
932
108
145
414
906
977
922
973
716
667
702
365
130
220
412
845
502
657
834
619
848
862
884
54
831
454
648
700
428
235
85
398
109
939
16
702
105
966
747
177
913
953
946
501
527
326
518
232
999
621
426
31
629
953
415
272
490
280
225
633
626
668
384
588
585
831
185
350
813
227
282
10
454
224
657
912
955
944
53
676
410
955
852
450
117
893
315
910
833
369
433
917
984
764
488
618
961
351
722
124
480
293
322
397
708
466
2
1
749
635
514
215
487
215
104
705
403
827
426
299
111
610
35
674
972
39
239
600
235
560
104
285
195
303
344
248
431
264
972
920
578
56
929
148
146
682
669
713
313
310
640
860
463
224
14
80
605
23
513
44
419
853
422
449
102
736
386
563
351
590
268
985
702
380
687
165
670
494
130
695
683
954
288
411
238
686
852
878
227
698
178
215
228
219
735
434
90
251
52
731
323
258
505
75
888
291
672
919
341
822
900
7
794
305
512
868
590
916