20
[31, 85, 29, 45, 46, 99, 37, 24, 36, 78, 85, 34, 4, 26, 64, 19, 4, 30, 86, 58, 37, 50, 12, 45, 7, 100, 99, 43, 58, 68, 79, 59, 68, 16, 91, 85, 63, 91, 66, 49, 71, 66, 75, 80, 72, 15, 37, 48, 14, 85, 95, 98, 4, 57, 18, 49, 70, 92, 8, 2]
[52, 67, 67, 41, 16, 13, 33, 88, 97, 86, 49, 72, 31, 14, 54, 8, 74, 58, 40, 81, 31, 79, 59, 56, 11, 51, 97, 45, 67, 56, 11, 33, 67, 18, 3, 35, 40, 72, 66, 3, 33, 
9, 85, 97, 48, 87, 49, 46, 11, 4, 88, 27, 67, 15, 83, 16, 26, 51, 82, 90]
[21, 4, 89, 1, 54, 28, 34, 84, 93, 17, 66, 10, 20, 13, 69, 53, 51, 69, 35, 2, 3, 78, 40, 78, 96, 90, 18, 52, 27, 13, 10, 39, 75, 68, 31, 88, 91, 41, 12, 10, 70, 77, 7, 2, 29, 16, 83, 90, 67, 48, 13, 7, 97, 31, 23, 12, 92, 61, 42, 4, 67]
[55, 67, 45, 43, 4, 1, 38, 50, 87, 23, 31, 34, 42, 9, 50, 19, 9, 90, 95, 72, 8, 30, 79, 7, 39, 44, 66, 48, 71, 73, 14, 25, 21, 44, 82, 5, 4, 31, 49, 42, 62, 4, 36, 18, 33, 34, 98, 34, 99, 13, 32, 93, 32, 54, 89, 66, 81, 78, 89, 47, 28, 77]
[15, 93, 89, 86, 4, 17, 6, 68, 93, 13, 53, 28, 73, 91, 42, 7, 75, 45, 17, 49, 21, 31, 43, 18, 45, 36, 60, 9, 48, 30, 17, 63, 16, 90, 97, 34, 83, 7, 87, 43, 6, 72, 77, 67, 61, 74, 87, 45, 12, 32, 25, 77, 41, 100, 41, 80, 86, 14, 2, 88]
[56, 42, 46, 79, 36, 59, 18, 67, 13, 47, 11, 45, 20, 45, 49, 49, 62, 9, 51, 8, 95, 57, 30, 39, 84, 99, 78, 81, 70, 81, 17, 39, 37, 14, 3, 7, 69, 34, 23, 47, 67, 80, 63, 68, 94, 8, 16, 73, 5, 52, 9, 77, 55, 76, 27, 91, 88, 50, 29, 27, 70, 49, 30, 28, 58]
[54, 40, 89, 29, 68, 17, 88, 92, 47, 48, 51, 46, 44, 26, 97, 36, 63, 24, 97, 67, 96, 22, 18, 71, 10, 98, 2, 47, 42, 96, 24, 99, 96, 65, 41, 77, 41, 99, 19, 4, 10, 15, 78, 27, 76, 93, 89, 19, 25, 55, 96]
[55, 35, 75, 5, 87, 21, 8, 35, 60, 8, 6, 57, 41, 95, 63, 81, 71, 11, 42, 41, 44, 2, 28, 29, 78, 17, 36, 29, 84, 8, 53, 49, 80, 66, 92, 58, 4, 78, 99, 19, 35, 30, 
25, 89, 98, 28, 26, 38, 1, 70, 72, 10, 77, 2, 97, 19, 60, 62, 34]
[3, 22, 32, 21, 4, 59, 91, 79, 54, 9, 38, 93, 81, 99, 2, 49, 26, 8, 80, 49, 20, 63, 54, 70, 37, 2, 72, 28, 46, 26, 48, 28, 40, 89, 50, 15, 40, 2, 97, 37, 37, 83, 
69, 40, 71, 75, 41, 26, 46, 98, 45, 39, 31, 80, 9, 73, 33]
[24, 89, 100, 4, 19, 83, 97, 74, 83, 49, 1, 45, 31, 81, 82, 95, 36, 92, 44, 29, 90, 29, 49, 14, 84, 32, 95, 6, 93, 16, 35, 31, 5, 15, 48, 90, 32, 30, 38, 17, 48, 
13, 16, 95, 30, 29, 45, 76, 57, 26, 58, 4, 73, 79, 82, 25, 95, 91]
[45, 25, 29, 6, 31, 19, 18, 4, 21, 72, 26, 40, 38, 20, 76, 70, 10, 81, 29, 90, 29, 33, 68, 66, 70, 10, 32, 18, 39, 24, 80, 49, 77, 15, 78, 46, 35, 8, 4, 43, 17, 27, 28, 97, 17, 75, 58, 62, 5, 45, 88, 9, 84, 1, 96, 40, 82, 76]
[66, 56, 51, 80, 57, 44, 69, 65, 25, 91, 4, 14, 7, 17, 55, 21, 38, 43, 32, 34, 52, 7, 18, 13, 62, 99, 86, 54, 95, 74, 68, 49, 58, 63, 46, 35, 73, 51, 64, 13, 81, 
48, 12, 65, 94, 44, 52, 71, 15, 100, 15, 13, 46, 39, 40, 40, 72, 29, 24, 77]
[12, 25, 15, 30, 7, 4, 20, 41, 34, 38, 28, 89, 4, 2, 55, 78, 20, 53, 80, 93, 73, 3, 68, 40, 10, 6, 58, 18, 58, 62, 9, 37, 4, 68, 87, 2, 45, 49, 57, 23, 53, 43, 25, 12, 59, 66, 20, 50, 81, 64, 44, 24, 1, 57, 40, 27, 83, 18, 59, 2, 25, 61]
[64, 5, 52, 17, 76, 78, 26, 43, 65, 16, 74, 35, 72, 15, 7, 57, 51, 7, 72, 8, 11, 37, 26, 83, 58, 69, 71, 42, 69, 70, 69, 57, 70, 68, 33, 41, 30, 90, 4, 19, 25, 98, 28, 68, 100, 73]
[28, 67, 13, 59, 54, 19, 49, 55, 2, 16, 51, 19, 27, 68, 78, 76, 55, 29, 51, 68, 92, 66, 13, 100, 12, 42, 43, 57, 29, 47, 13, 24, 76, 31, 12, 78, 2, 40, 22, 71, 30, 65, 59, 35, 78, 98]
[29, 62, 15, 73, 41, 34, 97, 19, 42, 76, 49, 16, 88, 84, 53, 82, 82, 56, 12, 41, 25, 77, 47, 55, 51, 36, 21, 23, 36, 99, 2, 29, 48, 80, 45, 25, 5, 44, 50, 18, 85, 73, 76]
[17, 48, 8, 65, 62, 84, 63, 71, 54, 52, 59, 66, 41, 5, 39, 19, 4, 18, 12, 68, 94, 46, 71, 38, 48, 25, 7, 94, 33, 74, 45, 15, 26, 36, 2, 25, 100, 37, 12, 70, 94, 50, 87, 80]
[75, 42, 96, 17, 84, 84, 58, 82, 99, 16, 40, 3, 18, 50, 23, 4, 53, 14, 34, 75, 94, 1, 49, 56, 46, 72, 78, 65, 46, 28, 62, 34]
[59, 11, 19, 39, 30, 94, 66, 81, 74, 26, 61, 25]
[74, 83, 96, 8]