177
[167, 55, 443, 912, 492, 717, 491, 108, 400, 137, 815, 618, 722, 116, 502, 188, 520, 645, 791, 998, 515, 855, 846, 944, 627, 199, 987, 561, 551, 597, 83, 642, 734, 182, 776, 255, 274, 690, 355, 625, 267, 508, 287, 750, 328]
[642, 467, 805, 890, 684, 78, 641, 74, 507, 834, 496, 171, 388, 950, 653, 738, 83, 591, 859, 502, 165, 630, 625, 149, 543, 61, 227, 122, 702, 467, 680, 442, 784, 
265, 211, 604, 197, 928, 148, 895, 153, 825, 520, 771, 881, 868, 590, 916]
[561, 408, 99, 791, 897, 678, 600, 197, 891, 28, 137, 599, 914, 814, 1000, 114, 330, 222, 17, 702, 452, 864, 194, 881, 533, 897, 780, 462, 202, 914, 834, 497, 364, 648, 196, 120, 286, 582, 548, 77, 630, 749, 605, 994, 491]
[909, 430, 775, 501, 366, 78, 995, 820, 741, 572, 414, 450, 750, 488, 120, 114, 310, 520, 52, 618, 555, 390, 299, 484, 474, 826, 983, 994, 935, 274, 35, 818, 869, 842, 435, 237, 555, 844, 567, 241, 998, 566, 325, 38, 909]
[530, 907, 884, 613, 582, 271, 435, 325, 399, 769, 893, 777, 826, 238, 646, 669, 32, 585, 211, 762, 757, 517, 366, 498, 161, 687, 165, 474, 380, 190, 259, 642, 454, 805, 551, 27, 68, 364, 159, 613, 531, 411, 54, 66, 120, 144, 557, 300, 704, 977]
[576, 482, 830, 152, 216, 206, 159, 931, 667, 549, 131, 816, 792, 363, 63, 581, 157, 397, 803, 211, 260, 573, 842, 204, 976, 460, 946, 890, 643, 366, 736, 502, 891, 350, 731, 119, 930, 767, 226, 25, 734, 647, 528, 656, 441]
[225, 826, 828, 790, 886, 749, 6, 838, 317, 519, 248, 226, 84, 815, 234, 577, 823, 331, 29, 272, 825, 385, 794, 437, 833, 321, 867, 954, 393, 510, 851, 287, 479, 
552, 700, 442, 40, 353, 514, 249, 519, 670, 838, 493, 808, 4, 647, 861, 422, 7, 899]
[461, 184, 333, 23, 210, 24, 929, 751, 957, 930, 706, 681, 858, 608, 342, 899, 817, 635, 75, 37, 413, 927, 46, 533, 246, 44, 922, 945, 81, 772, 904, 617, 229, 977, 204, 281, 717, 31, 419, 336, 379, 251, 516, 78, 899]
[878, 908, 26, 53, 383, 854, 487, 913, 173, 587, 194, 293, 975, 483, 756, 625, 317, 67, 270, 985, 687, 98, 676, 764, 737, 854, 174, 727, 540, 139, 807, 884, 270, 
669, 730, 757, 649, 422, 426, 555, 527, 134, 637, 820, 813]
[611, 22, 652, 314, 522, 284, 189, 468, 735, 528, 329, 902, 446, 39, 526, 716, 934, 115, 890, 218, 637, 320, 581, 202, 918, 514, 940, 720, 588, 654, 153, 472, 279, 560, 680, 71, 641, 322, 487, 332, 571, 881, 845, 975, 858, 590, 268, 985, 702, 380]
[77, 218, 956, 380, 418, 287, 300, 316, 639, 982, 713, 165, 481, 76, 289, 234, 243, 367, 154, 925, 817, 444, 42, 929, 849, 193, 235, 842, 920, 571, 589, 959, 726, 320, 283, 541, 544, 488, 387, 263, 945, 819, 202, 22, 783]
[694, 564, 30, 857, 274, 196, 470, 157, 900, 677, 683, 171, 933, 14, 601, 642, 354, 106, 370, 43, 55, 343, 405, 669, 170, 895, 649, 987, 210, 811, 256, 623, 592, 
676, 478, 345, 157, 578, 31, 65, 372, 256, 26, 84, 454, 362, 985, 202, 806, 982]
[578, 466, 278, 15, 994, 541, 674, 594, 424, 63, 804, 592, 207, 190, 887, 804, 990, 702, 235, 128, 593, 785, 723, 613, 4, 217, 578, 283, 692, 707, 84, 863, 118, 446, 515, 931, 438, 323, 687, 228, 52, 516, 211, 468, 637]
[180, 231, 347, 484, 309, 376, 425, 113, 729, 391, 448, 919, 778, 991, 487, 76, 633, 221, 3, 786, 410, 456, 73, 134, 878, 167, 665, 373, 965, 61, 154, 393, 637, 476, 882, 156, 723, 827, 304, 347, 484, 393, 634, 247, 282, 609, 891, 432, 868, 932]
[374, 573, 467, 600, 518, 842, 875, 910, 738, 128, 8, 5, 449, 62, 772, 119, 728, 446, 940, 27, 233, 535, 882, 144, 247, 969, 353, 279, 868, 149, 46, 519, 193, 640, 527, 401, 15, 267, 638, 31, 413, 979, 777, 415, 410, 313, 310, 640, 860, 463]
[785, 161, 957, 456, 973, 402, 615, 502, 528, 467, 282, 599, 650, 123, 38, 160, 930, 745, 880, 186, 844, 558, 691, 215, 316, 400, 443, 95, 182, 656, 271, 380, 140, 510, 77, 736, 167, 142, 865, 548, 242, 791, 659, 454, 705, 195, 130, 30, 903, 911]
[841, 539, 974, 375, 401, 856, 586, 379, 780, 970, 942, 459, 265, 652, 529, 350, 405, 619, 384, 423, 783, 300, 873, 808, 27, 168, 307, 861, 182, 828, 141, 713, 183, 327, 489, 94, 706, 91, 112, 759, 333, 417, 729, 310, 105]
[208, 776, 913, 114, 117, 642, 742, 1, 282, 689, 590, 659, 583, 61, 343, 823, 456, 604, 727, 134, 275, 827, 52, 85, 264, 493, 280, 932, 256, 605, 138, 156, 109, 982, 52, 417, 511, 793, 28, 523, 927, 792, 183, 977, 787, 215]
[236, 980, 201, 179, 75, 472, 274, 424, 678, 291, 778, 689, 692, 64, 712, 41, 484, 840, 241, 199, 61, 968, 149, 555, 10, 826, 116, 304, 384, 964, 712, 907, 829, 912, 559, 925, 235, 468, 794, 884, 151, 962, 612, 142, 697]
[898, 300, 469, 567, 599, 278, 801, 266, 210, 601, 25, 333, 374, 704, 47, 535, 707, 9, 374, 553, 636, 640, 446, 436, 900, 582, 549, 218, 965, 876, 245, 380, 765, 
633, 954, 887, 190, 687, 929, 742, 604, 925, 63, 429, 114]
[574, 548, 920, 674, 495, 793, 837, 617, 602, 834, 811, 383, 166, 407, 164, 748, 242, 932, 251, 988, 406, 130, 155, 124, 503, 157, 631, 503, 502, 49, 157, 363, 583, 559, 910, 330, 298, 875, 277, 982, 783, 945, 54, 999, 117]
[203, 870, 68, 196, 687, 535, 403, 370, 316, 455, 293, 917, 903, 365, 506, 617, 870, 104, 685, 60, 330, 775, 64, 605, 605, 925, 399, 3, 657, 475, 970, 96, 53, 65, 688, 745, 723, 900, 470, 102, 168, 741, 238, 949, 681]
[210, 598, 153, 440, 371, 805, 584, 305, 542, 117, 479, 183, 111, 171, 741, 681, 486, 758, 896, 716, 766, 530, 129, 61, 660, 69, 367, 853, 707, 96, 388, 964, 113, 977, 553, 791, 827, 611, 789, 425, 451, 831, 219, 614, 101, 224, 14, 80, 605, 23]
[209, 532, 284, 910, 35, 981, 279, 651, 435, 927, 148, 655, 436, 160, 413, 508, 523, 809, 812, 907, 819, 36, 290, 261, 193, 847, 249, 599, 18, 106, 738, 530, 177, 712, 717, 101, 779, 9, 279, 408, 48, 607, 58, 845, 582]
[928, 594, 846, 331, 639, 85, 550, 883, 149, 669, 442, 1000, 58, 132, 903, 661, 555, 584, 153, 637, 871, 529, 130, 951, 647, 847, 166, 44, 715, 655, 831, 157, 868, 809, 881, 521, 214, 82, 175, 379, 783, 668, 379, 62, 378]
[359, 223, 888, 561, 419, 581, 716, 99, 969, 444, 17, 183, 2, 240, 952, 248, 687, 632, 920, 538, 85, 14, 484, 933, 379, 500, 633, 574, 376, 938, 592, 53, 752, 932, 829, 935, 888, 349, 399, 672]
[298, 745, 117, 553, 387, 263, 857, 926, 802, 508, 7, 520, 598, 649, 169, 580, 729, 674, 268, 376, 852, 887, 940, 439, 928, 762, 558, 301, 486, 511, 942, 24, 247, 998, 791, 908, 161, 717, 79, 189, 384, 332, 210, 919, 51, 939]
[683, 417, 170, 736, 17, 316, 98, 11, 253, 948, 575, 483, 884, 644, 299, 807, 68, 456, 961, 534, 985, 202, 542, 56, 85, 421, 699, 813, 246, 601, 564, 59, 46, 387, 484, 587, 132, 388, 414, 618, 476, 895, 647, 108, 898]
[818, 904, 265, 324, 888, 691, 184, 469, 306, 742, 432, 153, 386, 590, 672, 302, 316, 921, 957, 105, 17, 355, 441, 835, 314, 639, 311, 379, 402, 449, 926, 21, 332, 529, 661, 762, 31, 800, 408, 920, 29, 230, 881, 350, 612]
[907, 292, 485, 685, 941, 796, 950, 322, 440, 541, 858, 965, 607, 554, 464, 728, 393, 968, 389, 319, 423, 278, 79, 192, 165, 53, 177, 467, 463, 956, 435, 409, 295, 753, 444, 883, 496, 547, 904, 478, 281, 601, 665, 950, 9]
[65, 790, 944, 121, 407, 437, 413, 100, 862, 444, 729, 837, 459, 347, 70, 186, 403, 223, 584, 673, 756, 680, 370, 383, 618, 923, 722, 405, 562, 250, 131, 250, 188, 702, 427, 987, 270, 439, 413, 670, 100, 773, 289, 515, 371]
[314, 262, 192, 386, 817, 133, 821, 613, 496, 911, 493, 762, 395, 841, 158, 446, 524, 474, 694, 977, 158, 861, 188, 87, 150, 107, 812, 919, 101, 822, 41, 394, 427, 18, 959, 298, 695, 132, 895, 876, 488, 618, 961, 351, 722]
[880, 917, 770, 525, 280, 627, 405, 320, 45, 398, 902, 528, 372, 362, 904, 256, 817, 666, 130, 351, 928, 188, 785, 411, 95, 265, 344, 872, 229, 818, 896, 491, 877, 324, 398, 686, 310, 704, 332, 699, 734, 859, 705, 294, 547]
[690, 210, 241, 316, 248, 525, 172, 168, 718, 707, 394, 77, 569, 68, 346, 706, 423, 931, 696, 813, 858, 696, 705, 857, 368, 267, 677, 205, 442, 158, 376, 414, 388, 873, 394, 988, 867, 831, 616, 518, 695, 973, 521, 112, 900, 227, 698, 178, 215, 228]
[125, 825, 121, 585, 356, 128, 227, 830, 13, 104, 878, 871, 914, 870, 613, 465, 440, 605, 103, 683, 181, 112, 286, 985, 16, 787, 981, 747, 151, 479, 500, 723, 937, 603, 133, 4, 570, 79, 284, 652, 350, 263, 455, 193, 800]
[709, 316, 148, 746, 421, 216, 18, 901, 880, 589, 543, 168, 721, 69, 199, 698, 994, 212, 31, 894, 368, 517, 64, 576, 114, 644, 243, 1000, 434, 414, 308, 577, 242, 763, 792, 162, 741, 777, 40, 584, 577, 245, 514, 302, 37, 235, 85, 398, 109, 939]
[225, 629, 208, 349, 10, 984, 794, 703, 537, 821, 910, 773, 304, 377, 695, 940, 607, 189, 303, 565, 380, 450, 399, 689, 128, 964, 439, 576, 923, 395, 564, 934, 691, 619, 469, 73, 508, 613, 640, 537, 993, 788, 115, 812, 864]
[392, 745, 223, 329, 552, 860, 308, 515, 693, 651, 379, 577, 788, 744, 191, 236, 98, 309, 33, 365, 2, 635, 934, 757, 931, 925, 494, 965, 819, 169, 35, 525, 148, 625, 487, 896, 340, 132, 84, 299, 458, 25, 110, 633, 937, 102, 117, 126, 116, 616, 14]
[86, 202, 107, 403, 827, 805, 763, 386, 433, 495, 948, 678, 609, 15, 541, 960, 515, 864, 25, 344, 498, 943, 719, 939, 503, 886, 977, 647, 269, 657, 430, 387, 973, 366, 876, 714, 693, 671, 82, 718, 117, 893, 315, 910, 833]
[919, 167, 10, 484, 238, 44, 709, 69, 244, 109, 165, 669, 396, 217, 984, 539, 835, 96, 426, 619, 979, 729, 569, 992, 524, 550, 888, 770, 31, 508, 388, 750, 861, 942, 88, 71, 667, 661, 553, 678, 168, 690, 802, 905, 869]
[841, 601, 762, 819, 800, 829, 448, 690, 148, 298, 370, 98, 662, 906, 815, 410, 209, 932, 357, 550, 711, 181, 826, 44, 684, 928, 998, 181, 657, 56, 235, 294, 224, 517, 766, 852, 456, 826, 571, 68, 979, 807, 5, 477, 189]
[150, 889, 393, 728, 348, 513, 642, 398, 795, 5, 879, 693, 638, 316, 95, 642, 35, 965, 357, 929, 757, 14, 394, 254, 280, 985, 336, 861, 506, 566, 424, 813, 597, 863, 340, 392, 579, 534, 58, 88, 324, 149, 194, 472, 950]
[276, 92, 438, 487, 352, 290, 567, 832, 691, 332, 788, 462, 90, 437, 344, 715, 500, 307, 620, 943, 474, 309, 753, 638, 363, 478, 119, 813, 242, 761, 699, 407, 541, 735, 745, 255, 471, 636, 479, 900, 148, 613, 754, 368, 94, 149, 108, 145, 414, 906]
[713, 675, 228, 759, 900, 250, 883, 561, 411, 684, 643, 886, 159, 455, 129, 231, 566, 667, 125, 36, 214, 276, 442, 633, 121, 745, 1000, 441, 72, 648, 426, 583, 122, 984, 530, 560, 490, 75, 66, 655, 264, 972, 728, 849, 295]
[686, 661, 77, 746, 76, 61, 483, 694, 698, 203, 682, 167, 872, 10, 571, 778, 867, 453, 383, 769, 855, 11, 658, 122, 312, 517, 716, 986, 314, 197, 746, 700, 858, 912, 309, 885, 752, 654, 582, 126, 26, 927, 853, 85, 300]
[490, 463, 272, 919, 258, 877, 298, 121, 89, 183, 473, 475, 395, 809, 693, 312, 201, 588, 634, 180, 370, 616, 888, 384, 558, 344, 675, 689, 510, 257, 494, 920, 621, 37, 536, 522, 558, 774, 51, 873, 864, 605, 219, 762, 273]
[360, 999, 43, 644, 430, 698, 273, 790, 184, 95, 345, 108, 591, 137, 301, 352, 473, 422, 860, 922, 405, 498, 853, 461, 827, 169, 246, 482, 958, 881, 708, 757, 804, 656, 56, 849, 414, 779, 671, 426, 796, 943, 465, 811, 815]
[622, 166, 505, 776, 969, 398, 356, 23, 693, 997, 59, 767, 326, 759, 664, 989, 839, 707, 484, 453, 568, 45, 797, 288, 605, 651, 155, 209, 827, 742, 513, 66, 197, 
213, 342, 561, 355, 382, 734, 283, 410, 318, 547, 633, 12]
[812, 254, 582, 477, 566, 13, 782, 637, 708, 599, 481, 212, 753, 466, 149, 267, 753, 218, 108, 596, 648, 233, 5, 701, 207, 143, 296, 219, 116, 472, 383, 884, 248, 606, 812, 760, 672, 570, 21, 61, 659, 282, 647, 789, 851, 922, 209, 883, 177, 944]
[398, 198, 276, 988, 606, 313, 555, 604, 211, 507, 872, 801, 708, 452, 145, 688, 284, 189, 779, 775, 871, 899, 461, 100, 617, 212, 393, 410, 766, 843, 481, 602, 312, 70, 538, 289, 326, 252, 97, 119, 53, 729, 78, 815, 630, 659, 279, 425, 802, 222]
[634, 923, 948, 783, 616, 262, 267, 728, 834, 307, 644, 621, 812, 810, 685, 898, 620, 315, 367, 647, 169, 403, 698, 559, 199, 34, 188, 173, 263, 573, 784, 33, 845, 221, 112, 698, 160, 817, 708, 721, 837, 237, 362, 495, 394]
[126, 994, 675, 897, 901, 76, 914, 599, 856, 383, 995, 845, 530, 532, 831, 797, 902, 544, 52, 552, 868, 920, 817, 320, 950, 112, 138, 923, 336, 659, 263, 278, 659, 496, 197, 551, 887, 82, 822, 623]
[318, 88, 35, 617, 858, 260, 581, 108, 180, 649, 845, 466, 66, 38, 58, 141, 903, 869, 884, 763, 716, 399, 94, 605, 102, 355, 499, 990, 434, 865, 466, 926, 338, 567, 534, 759, 644, 482, 612, 227, 200, 650, 356, 584, 24]
[222, 691, 449, 968, 512, 419, 22, 339, 520, 645, 481, 717, 852, 579, 730, 983, 942, 210, 395, 773, 69, 393, 662, 126, 730, 302, 44, 771, 369, 769, 840, 627, 15, 
482, 983, 639, 104, 576, 556, 728, 27, 926, 702, 358, 462]
[806, 807, 510, 896, 782, 119, 486, 9, 673, 673, 554, 833, 251, 539, 660, 863, 259, 660, 204, 999, 847, 669, 526, 23, 180, 104, 388, 200, 469, 160, 50, 19, 413, 474, 135, 999, 931, 974, 461, 499, 281, 489, 937, 61, 843, 512]
[398, 479, 13, 40, 324, 812, 445, 464, 784, 364, 887, 857, 665, 714, 440, 457, 336, 660, 793, 687, 32, 873, 740, 327, 479, 121, 779, 671, 579, 593, 723, 800, 747, 494, 565, 771, 370, 172, 210, 556, 151, 321, 813, 622, 737, 834, 619, 848, 862, 884]
[804, 937, 915, 302, 676, 316, 431, 773, 814, 94, 168, 8, 567, 92, 795, 100, 771, 724, 655, 327, 443, 762, 483, 504, 821, 73, 338, 326, 654, 4, 583, 546, 486, 404, 351, 173, 821, 915, 10, 819, 781, 381, 799, 841, 504, 695, 683, 954, 288, 411]
[611, 534, 874, 637, 11, 758, 71, 666, 524, 896, 419, 860, 196, 236, 103, 493, 514, 983, 704, 847, 247, 736, 629, 33, 419, 426, 913, 853, 492, 854, 889, 170, 572, 9, 809, 435, 673, 771, 161, 964, 669, 713, 513, 44, 419]
[634, 18, 207, 411, 114, 777, 251, 530, 791, 46, 617, 904, 173, 856, 693, 480, 395, 850, 959, 338, 689, 394, 299, 853, 541, 921, 450, 480, 366, 137, 644, 848, 233, 305, 689, 684, 753, 260, 982, 752, 187, 588, 71, 602, 768]
[134, 26, 525, 113, 976, 188, 67, 740, 473, 362, 998, 943, 698, 725, 535, 260, 636, 295, 970, 730, 738, 875, 302, 757, 334, 173, 407, 486, 517, 295, 864, 799, 392, 194, 478, 735, 318, 873, 569, 155, 431, 151, 392, 735, 991]
[41, 538, 14, 448, 85, 544, 124, 271, 350, 856, 881, 730, 645, 888, 436, 485, 262, 949, 512, 665, 816, 659, 224, 917, 828, 183, 978, 182, 195, 37, 810, 552, 690, 
980, 975, 213, 486, 314, 278, 134, 736, 574, 920, 25, 848]
[832, 258, 57, 925, 278, 323, 793, 45, 51, 848, 321, 658, 425, 135, 602, 173, 280, 241, 406, 238, 14, 370, 489, 482, 404, 63, 857, 975, 145, 872, 403, 738, 962, 482, 62, 858, 316, 714, 875, 418, 508, 637, 791, 14, 945, 853, 422, 449, 102, 736]
[193, 976, 466, 237, 99, 216, 700, 401, 919, 973, 456, 277, 880, 130, 50, 202, 702, 628, 65, 56, 473, 161, 555, 300, 87, 488, 936, 98, 17, 83, 925, 853, 45, 149, 
802, 460, 35, 359, 987, 364, 502, 657, 54, 831, 454]
[562, 257, 524, 504, 249, 172, 837, 694, 291, 562, 292, 818, 93, 367, 353, 330, 196, 8, 669, 355, 564, 562, 893, 657, 660, 633, 689, 340, 592, 366, 691, 8, 52, 537, 670, 306, 773, 77, 40, 667, 771, 855, 392, 666, 510, 293, 308, 876, 721, 16]
[715, 322, 479, 974, 34, 901, 867, 52, 761, 600, 290, 498, 373, 592, 837, 872, 536, 421, 981, 17, 493, 165, 737, 721, 775, 609, 911, 35, 814, 917, 650, 598, 820, 
115, 550, 743, 574, 655, 196, 918, 305]
[251, 693, 382, 252, 391, 58, 986, 347, 587, 955, 227, 865, 555, 833, 830, 751, 682, 734, 239, 295, 339, 803, 775, 865, 528, 782, 31, 505, 724, 791, 243, 353, 635, 818, 524, 290, 973, 216, 312, 871, 747, 625, 83, 544, 504]
[532, 50, 14, 750, 710, 578, 496, 798, 572, 758, 609, 952, 986, 503, 263, 314, 477, 290, 898, 991, 216, 561, 531, 90, 928, 236, 544, 130, 931, 484, 400, 901, 627, 663, 462, 786, 859, 663, 794, 66]
[418, 403, 425, 67, 349, 767, 752, 620, 423, 938, 841, 1000, 206, 997, 599, 979, 750, 508, 387, 961, 935, 266, 747, 505, 331, 692, 426, 53, 146, 78, 811, 286, 39, 857, 555, 273, 866, 728, 807, 551, 117, 112, 173, 863, 164]
[163, 884, 150, 990, 886, 317, 952, 792, 707, 267, 787, 808, 470, 438, 101, 103, 309, 705, 773, 30, 377, 794, 693, 192, 381, 866, 319, 830, 830, 661, 208, 26, 686, 857, 509, 20, 107, 278, 245, 457, 809, 168, 832, 640, 890]
[103, 74, 129, 987, 299, 379, 183, 653, 554, 484, 297, 590, 339, 253, 787, 552, 958, 903, 391, 930, 894, 775, 869, 875, 723, 732, 407, 737, 218, 585, 584, 665, 835, 11, 169, 419, 307, 197, 516, 134, 802, 450, 862, 892, 41]
[785, 434, 393, 533, 151, 627, 306, 14, 956, 189, 788, 124, 584, 523, 344, 864, 334, 704, 621, 743, 631, 250, 531, 611, 880, 371, 159, 31, 433, 482, 125, 203, 44, 817, 280, 53, 94, 820, 159, 645, 167, 892, 817, 209, 628]
[116, 242, 992, 113, 691, 772, 758, 782, 611, 286, 821, 299, 376, 164, 143, 111, 499, 28, 601, 46, 623, 711, 999, 971, 586, 805, 448, 356, 3, 961, 759, 553, 370, 
899, 49, 313, 214, 798, 294, 357, 922, 973, 716, 667, 702]
[303, 880, 973, 804, 530, 51, 804, 204, 250, 736, 698, 232, 276, 281, 737, 170, 373, 515, 775, 273, 133, 28, 520, 320, 749, 274, 6, 972, 390, 75, 726, 984, 629, 716, 471, 815, 265, 380, 1, 755, 948, 357, 780, 652, 414]
[76, 484, 504, 601, 424, 895, 785, 375, 457, 513, 442, 739, 178, 363, 917, 378, 147, 755, 470, 781, 943, 80, 812, 856, 649, 765, 104, 156, 883, 149, 727, 440, 268, 342, 102, 933, 231, 686, 55, 706, 16, 147, 697, 880, 843]
[530, 932, 708, 373, 524, 185, 314, 180, 138, 720, 725, 573, 929, 416, 444, 780, 78, 291, 930, 835, 836, 193, 416, 269, 187, 982, 970, 370, 93, 700, 248, 886, 279, 971, 331, 105, 412, 116, 634, 535, 635, 514, 215, 487, 215]
[205, 625, 985, 234, 312, 543, 695, 187, 677, 597, 835, 735, 271, 563, 340, 812, 807, 378, 796, 76, 382, 623, 696, 669, 447, 483, 180, 105, 418, 293, 340, 515, 310, 969, 635, 315, 659, 654, 372, 110, 238, 807, 323, 442, 155, 708, 466, 2, 1, 749]
[904, 646, 17, 141, 910, 206, 943, 299, 422, 268, 979, 866, 303, 688, 744, 594, 870, 420, 914, 543, 652, 53, 995, 919, 851, 302, 436, 239, 230, 165, 623, 565, 256, 743, 790, 188, 123, 321, 683, 518, 641, 802, 662, 307, 217]
[462, 989, 337, 820, 224, 343, 368, 861, 708, 705, 155, 598, 387, 568, 780, 58, 872, 828, 247, 357, 942, 666, 689, 488, 773, 246, 828, 374, 26, 779, 963, 538, 655, 22, 76, 354, 76, 76, 930, 385]
[629, 342, 765, 762, 906, 337, 474, 711, 794, 143, 315, 509, 630, 798, 636, 580, 805, 146, 865, 18, 223, 506, 912, 410, 718, 257, 260, 208, 559, 583, 343, 509, 356, 720, 601, 860, 208, 791, 636, 328, 482, 892, 970, 465, 205]
[339, 748, 428, 985, 591, 974, 819, 475, 369, 269, 18, 354, 881, 534, 568, 675, 487, 198, 846, 194, 259, 940, 347, 742, 852, 134, 947, 812, 204, 558, 620, 834, 919, 148, 668, 976, 951, 723, 587, 571]
[335, 691, 197, 386, 179, 675, 855, 270, 975, 277, 919, 341, 103, 14, 829, 561, 909, 209, 912, 161, 491, 993, 638, 505, 403, 613, 826, 754, 544, 136, 6, 7, 440, 292, 279, 364, 52, 656, 417, 286, 176, 975, 691, 710, 941]
[619, 727, 180, 909, 231, 849, 581, 861, 645, 218, 93, 949, 457, 433, 26, 135, 649, 927, 699, 841, 121, 530, 149, 635, 117, 430, 473, 502, 825, 483, 564, 699, 170, 913, 33, 598, 774, 683, 452, 632, 294, 808, 163, 473, 40]
[294, 955, 500, 525, 710, 290, 653, 593, 402, 144, 28, 434, 657, 719, 944, 724, 519, 745, 131, 219, 970, 925, 812, 826, 45, 631, 853, 905, 604, 311, 548, 176, 533, 67, 157, 202, 848, 174, 770, 717, 90, 12, 627, 260, 880]
[888, 189, 742, 550, 616, 862, 517, 841, 733, 621, 755, 822, 221, 377, 512, 306, 18, 333, 844, 639, 102, 887, 382, 423, 997, 131, 620, 558, 69, 3, 791, 289, 523, 
901, 710, 728, 213, 10, 402, 783, 172, 330, 152, 504, 768]
[406, 355, 252, 114, 35, 130, 733, 703, 869, 921, 224, 389, 257, 951, 563, 251, 18, 731, 488, 490, 43, 168, 29, 308, 777, 470, 367, 256, 939, 332, 175, 197, 281, 
786, 244, 402, 156, 621, 451, 550, 437, 88, 809, 189, 822, 52, 731, 323, 258, 505]
[787, 556, 623, 975, 647, 583, 578, 91, 832, 285, 403, 919, 893, 233, 493, 600, 705, 99, 111, 675, 913, 370, 317, 576, 544, 899, 559, 726, 633, 21, 257, 204, 415, 327, 252, 490, 221, 70, 558, 142, 727, 143, 368, 784, 114, 219, 735, 434, 90, 251]
[887, 380, 174, 789, 682, 252, 66, 558, 288, 899, 394, 742, 189, 543, 852, 545, 301, 50, 674, 598, 867, 244, 126, 40, 395, 759, 139, 156, 73, 290, 365, 522, 979, 
500, 760, 56, 741, 611, 240, 458, 895, 97, 329, 566, 824]
[403, 432, 198, 67, 362, 888, 579, 779, 691, 128, 843, 334, 657, 712, 665, 146, 943, 460, 147, 242, 446, 398, 861, 42, 681, 128, 991, 816, 359, 878, 660, 822, 646, 236, 686, 518, 471, 821, 40, 733, 655, 737, 347, 80, 480]
[900, 762, 714, 617, 383, 534, 232, 406, 877, 630, 556, 40, 961, 666, 255, 817, 399, 959, 876, 263, 856, 985, 535, 657, 376, 446, 299, 160, 672, 891, 316, 398, 221, 137, 663, 378, 912, 276, 3, 254]
[570, 296, 390, 400, 946, 308, 393, 200, 364, 448, 915, 419, 557, 481, 548, 414, 806, 323, 418, 843, 89, 238, 500, 61, 546, 354, 19, 162, 821, 248, 308, 607, 217, 394, 437, 855, 834, 17, 130, 86, 819, 636, 627, 114, 663, 450, 369, 433, 917, 984]
[38, 754, 247, 984, 861, 154, 745, 563, 346, 648, 727, 263, 216, 45, 489, 383, 956, 851, 760, 90, 571, 937, 839, 673, 290, 360, 659, 987, 202, 513, 362, 322, 930, 908, 330, 718, 483, 875, 308, 199]
[666, 222, 852, 498, 241, 276, 337, 401, 99, 419, 9, 118, 203, 274, 347, 337, 595, 803, 185, 914, 385, 621, 437, 28, 575, 699, 712, 90, 340, 739, 985, 648, 559, 201, 288, 368, 924, 230, 139, 463, 811, 561, 941, 43, 284, 415, 272, 490, 280, 225]
[477, 973, 922, 8, 686, 976, 936, 705, 107, 792, 52, 945, 888, 726, 7, 750, 955, 10, 148, 216, 46, 286, 578, 845, 735, 638, 270, 668, 360, 984, 117, 963, 16, 103, 764, 280, 737, 392, 169, 736]
[787, 732, 350, 419, 757, 665, 612, 619, 361, 347, 730, 31, 853, 594, 792, 609, 641, 689, 735, 620, 623, 639, 651, 409, 656, 459, 376, 140, 66, 965, 133, 850, 904, 179, 763, 172, 164, 518, 550, 933, 826, 561, 643, 821, 34]
[905, 209, 941, 115, 621, 102, 322, 981, 541, 748, 910, 419, 241, 671, 167, 538, 159, 666, 177, 531, 558, 503, 147, 372, 29, 635, 210, 302, 978, 922, 607, 458, 114, 649, 476, 700, 36, 363, 411, 191, 94, 492, 863, 3, 360, 843]
[136, 574, 499, 843, 516, 71, 198, 273, 959, 430, 968, 567, 114, 691, 575, 37, 441, 866, 486, 371, 370, 906, 868, 106, 229, 824, 227, 864, 133, 292, 386, 117, 704, 223, 955, 157, 305, 432, 937, 238]
[696, 316, 348, 262, 429, 59, 245, 750, 228, 545, 323, 431, 2, 957, 102, 80, 259, 633, 583, 744, 528, 723, 818, 634, 321, 880, 527, 331, 329, 591, 568, 667, 121, 
990, 255, 825, 888, 581, 726, 175, 603, 772, 718, 984, 6, 370]
[864, 470, 183, 779, 331, 138, 578, 591, 829, 274, 93, 732, 496, 157, 439, 719, 658, 777, 796, 786, 576, 297, 457, 872, 262, 152, 554, 79, 3, 986, 127, 530, 775, 
983, 664, 825, 43, 281, 357, 644]
[350, 519, 206, 231, 889, 94, 83, 802, 717, 536, 586, 429, 831, 904, 105, 618, 740, 623, 216, 265, 586, 568, 715, 224, 425, 468, 607, 503, 9, 187, 822, 647, 912, 
746, 465, 363, 619, 650, 122, 452, 565, 667, 680, 336, 770]
[684, 262, 963, 695, 726, 798, 763, 1, 903, 325, 516, 386, 203, 780, 110, 195, 843, 590, 724, 511, 4, 975, 595, 763, 595, 55, 252, 87, 266, 3, 885, 997, 419, 362, 24, 597, 507, 822, 15, 285, 478]
[893, 701, 880, 760, 52, 810, 83, 166, 178, 116, 447, 309, 933, 953, 397, 481, 22, 83, 938, 654, 400, 277, 108, 467, 80, 753, 163, 696, 193, 4, 540, 865, 427, 909, 658, 571, 293, 683, 164, 275, 116, 265, 234, 367, 761]
[382, 121, 147, 506, 764, 279, 546, 903, 983, 788, 416, 440, 753, 188, 40, 848, 225, 414, 46, 816, 417, 290, 911, 997, 170, 833, 879, 660, 148, 897, 690, 611, 119, 949, 792, 949, 362, 954, 202, 825]
[33, 652, 233, 145, 994, 439, 268, 736, 978, 868, 277, 763, 21, 677, 228, 891, 336, 414, 403, 421, 758, 761, 262, 520, 43, 742, 742, 78, 345, 739, 531, 32, 260, 197, 913, 431, 413, 77, 720, 972]
[183, 882, 324, 757, 631, 652, 893, 848, 205, 860, 739, 463, 237, 943, 580, 422, 779, 741, 818, 780, 943, 936, 999, 102, 152, 599, 16, 796, 848, 550, 141, 17, 809, 72, 436, 225, 853, 832, 240, 603]
[241, 764, 78, 664, 503, 720, 782, 887, 588, 833, 849, 105, 234, 791, 918, 956, 130, 176, 730, 444, 149, 898, 31, 215, 225, 152, 948, 777, 721, 494, 356, 378, 522, 792, 363, 680, 262, 646, 180, 486]
[696, 212, 927, 378, 394, 455, 629, 943, 172, 533, 991, 8, 257, 900, 36, 773, 605, 550, 527, 376, 397, 142, 293, 479, 857, 991, 119, 123, 522, 986, 270, 585, 622, 224, 477, 664, 396, 321, 302, 703, 764, 124, 480, 293, 322]
[553, 94, 163, 353, 135, 109, 35, 247, 362, 621, 843, 865, 581, 6, 483, 472, 228, 951, 892, 763, 206, 806, 424, 419, 699, 426, 742, 110, 492, 798, 564, 477, 378, 
175, 446, 581, 351, 980, 430, 810, 911, 180, 290, 101, 964, 945]
[167, 287, 400, 419, 710, 307, 964, 632, 944, 408, 588, 995, 154, 702, 985, 825, 575, 373, 130, 427, 69, 101, 309, 197, 199, 614, 229, 533, 255, 299, 365, 13, 83, 186, 446, 938, 532, 933, 270, 363, 854, 113, 123, 11, 749, 859, 228, 880, 707, 160]
[173, 284, 295, 92, 844, 264, 487, 13, 756, 354, 904, 778, 305, 584, 308, 440, 706, 924, 346, 728, 624, 567, 255, 126, 259, 501, 984, 512, 615, 880, 608, 81, 493, 452, 689, 208, 54, 273, 278, 967, 39, 239, 600, 235, 560]
[351, 600, 565, 706, 136, 221, 863, 153, 722, 964, 126, 112, 42, 601, 420, 670, 405, 703, 158, 306, 615, 436, 85, 831, 345, 235, 219, 550, 536, 201, 389, 305, 328, 67, 496, 464, 394, 530, 129, 907, 602, 261, 324, 666, 278, 92, 556, 980, 741, 822]
[534, 815, 20, 197, 618, 37, 274, 514, 463, 374, 103, 479, 91, 834, 370, 541, 721, 55, 941, 78, 332, 358, 809, 696, 973, 815, 883, 741, 748, 278, 941, 901, 50, 189, 336, 470, 110, 284, 212, 569, 720, 619, 290, 662, 68]
[115, 510, 419, 180, 961, 190, 912, 491, 372, 730, 436, 334, 390, 144, 801, 168, 691, 994, 880, 355, 943, 749, 105, 374, 538, 594, 219, 627, 67, 576, 225, 265, 895, 683, 691, 247, 634, 586, 837, 652]
[241, 625, 218, 231, 402, 681, 415, 308, 932, 519, 837, 304, 985, 397, 162, 468, 440, 311, 602, 104, 306, 632, 71, 888, 640, 211, 198, 105, 858, 296, 326, 31, 619, 74, 706, 132, 91, 235, 265, 683, 643, 767, 558, 241, 82]
[774, 753, 438, 397, 796, 41, 235, 916, 386, 465, 872, 176, 802, 941, 690, 55, 123, 152, 467, 168, 420, 133, 356, 503, 539, 73, 993, 61, 305, 95, 888, 986, 338, 757, 684, 541, 442, 708, 336, 590, 477, 646, 698, 251, 241]
[683, 960, 961, 486, 611, 850, 469, 935, 828, 733, 407, 477, 797, 849, 116, 394, 236, 461, 655, 49, 756, 894, 526, 785, 5, 424, 543, 829, 626, 525, 524, 847, 39, 
310, 487, 149, 383, 466, 236, 868]
[559, 929, 382, 85, 413, 590, 382, 508, 871, 275, 713, 233, 203, 202, 614, 884, 689, 566, 986, 983, 381, 607, 997, 136, 833, 233, 151, 136, 246, 817, 431, 873, 992, 821, 715, 177, 537, 904, 939, 108]
[81, 772, 856, 150, 300, 514, 506, 293, 331, 621, 950, 559, 716, 391, 214, 28, 384, 445, 282, 602, 757, 603, 840, 667, 245, 734, 390, 782, 500, 434, 642, 19, 59, 
537, 337, 417, 38, 548, 187, 542, 266, 920, 104, 908, 455]
[196, 180, 786, 680, 471, 278, 303, 215, 122, 205, 800, 824, 653, 751, 100, 734, 757, 755, 696, 805, 745, 647, 674, 395, 551, 375, 313, 899, 254, 762, 615, 521, 764, 447, 442, 44, 272, 967, 199, 1, 738, 159, 108, 851, 7]
[111, 583, 7, 244, 482, 672, 170, 136, 523, 332, 872, 184, 464, 608, 239, 538, 912, 668, 246, 213, 716, 116, 282, 720, 108, 143, 126, 35, 9, 537, 876, 407, 140, 978, 832, 918, 399, 666, 228, 749, 401, 662, 573, 798, 867]
[604, 74, 810, 230, 469, 827, 438, 304, 723, 580, 127, 860, 359, 579, 512, 77, 673, 157, 142, 254, 150, 377, 541, 580, 263, 857, 122, 862, 741, 492, 250, 814, 386, 182, 348, 515, 962, 999, 887, 862, 16, 702, 105, 966, 747]
[108, 445, 194, 493, 12, 978, 659, 528, 514, 391, 605, 798, 538, 128, 704, 46, 595, 352, 483, 525, 271, 233, 70, 637, 450, 228, 955, 866, 673, 340, 959, 446, 847, 821, 463, 158, 952, 936, 532, 396, 622, 625, 830, 765, 762]
[338, 670, 283, 170, 522, 655, 282, 763, 604, 562, 818, 147, 72, 899, 879, 65, 95, 446, 499, 924, 448, 588, 183, 532, 666, 216, 802, 681, 428, 996, 622, 321, 994, 593, 355, 708, 258, 726, 910, 65]
[330, 587, 366, 183, 546, 255, 410, 606, 764, 846, 905, 972, 858, 579, 804, 232, 345, 208, 754, 247, 365, 58, 902, 863, 880, 309, 166, 894, 532, 236, 373, 241, 248, 664, 198, 875, 65, 57, 801, 376, 672, 388, 356, 601, 632]
[193, 254, 196, 940, 139, 875, 69, 624, 305, 666, 430, 317, 697, 258, 93, 734, 715, 779, 597, 78, 33, 225, 583, 856, 559, 740, 531, 757, 873, 659, 645, 460, 251, 
376, 82, 711, 252, 370, 291, 118, 838, 953, 118, 136, 792]
[808, 652, 30, 245, 677, 186, 810, 548, 164, 34, 762, 372, 913, 680, 810, 239, 899, 882, 463, 592, 382, 969, 38, 96, 871, 290, 727, 582, 494, 907, 359, 734, 472, 
620, 895, 669, 161, 936, 942, 386]
[859, 631, 342, 886, 815, 226, 355, 705, 93, 855, 174, 352, 147, 660, 57, 688, 488, 776, 89, 821, 208, 1000, 806, 736, 963, 599, 450, 182, 284, 505, 36, 188, 725, 813, 394, 170, 485, 746, 104, 970, 248, 431, 264, 972, 920]
[481, 881, 955, 377, 34, 393, 828, 836, 440, 592, 38, 633, 747, 561, 578, 686, 460, 92, 755, 614, 374, 190, 488, 835, 443, 139, 920, 822, 958, 552, 394, 87, 772, 
884, 787, 359, 837, 321, 936, 773]
[909, 546, 676, 217, 848, 789, 408, 567, 611, 533, 17, 733, 673, 361, 616, 493, 645, 136, 758, 551, 476, 279, 890, 595, 14, 663, 600, 353, 759, 873, 242, 614, 418, 928, 623, 930, 771, 87, 10, 808]
[421, 110, 610, 62, 651, 50, 783, 348, 248, 363, 805, 234, 275, 543, 172, 614, 6, 257, 257, 186, 298, 613, 914, 300, 307, 351, 255, 424, 964, 384, 754, 532, 859, 
50, 905, 580, 397, 682, 872, 166, 946]
[562, 699, 731, 785, 569, 25, 831, 480, 801, 15, 434, 71, 872, 942, 544, 1000, 293, 206, 133, 263, 33, 424, 847, 2, 338, 899, 581, 186, 528, 331, 555, 451, 242, 787, 349, 667, 423, 319, 358, 409]
[181, 317, 289, 410, 61, 919, 650, 957, 508, 272, 544, 794, 155, 609, 956, 258, 11, 778, 491, 873, 454, 829, 151, 704, 819, 631, 705, 701, 110, 679, 112, 204, 678, 103, 109, 232, 557, 895, 909, 551, 829, 734, 785, 910, 643, 443]
[687, 388, 658, 263, 140, 663, 840, 204, 290, 493, 271, 887, 6, 533, 32, 192, 776, 562, 685, 499, 724, 99, 336, 467, 324, 938, 596, 651, 116, 923, 358, 116, 35, 695, 317, 693, 316, 193, 188, 279, 887, 409, 557, 390, 927]
[38, 859, 780, 426, 663, 348, 391, 433, 128, 270, 789, 171, 623, 867, 686, 386, 141, 95, 394, 710, 56, 190, 884, 785, 470, 140, 672, 610, 377, 405, 940, 340, 799, 343, 50, 451, 879, 68, 690, 914, 77, 413, 998, 444, 622]
[757, 269, 481, 801, 882, 714, 63, 377, 811, 443, 457, 816, 859, 420, 784, 13, 924, 401, 533, 240, 468, 592, 228, 694, 282, 198, 833, 972, 240, 859, 351, 845, 741, 304, 419, 679, 842, 202, 592, 723, 92]
[244, 443, 745, 92, 373, 491, 689, 578, 954, 133, 946, 546, 563, 357, 164, 407, 592, 628, 367, 635, 962, 876, 44, 519, 996, 680, 787, 78, 173, 581, 358, 479, 506, 252, 2, 223, 826, 477, 826, 554, 578, 56, 929, 148, 146]
[92, 501, 930, 511, 513, 385, 705, 159, 404, 732, 160, 940, 624, 457, 240, 328, 708, 970, 119, 960, 772, 730, 923, 603, 507, 428, 768, 126, 621, 982, 117, 331, 952, 628, 288, 220, 412, 845, 648, 700]
[70, 519, 781, 31, 375, 518, 995, 558, 892, 995, 981, 243, 133, 747, 713, 433, 143, 162, 917, 274, 314, 42, 938, 357, 369, 690, 561, 868, 725, 223, 839, 453, 310, 676, 642, 185, 350, 813, 227, 282]
[547, 474, 178, 914, 145, 509, 925, 50, 553, 467, 611, 656, 772, 731, 591, 372, 321, 477, 773, 280, 513, 634, 472, 56, 692, 112, 443, 658, 217, 15, 147, 756, 815, 548, 352, 697, 453, 355, 327, 933, 238, 686, 852, 878, 75]
[751, 933, 236, 343, 565, 837, 245, 380, 20, 315, 661, 808, 208, 258, 230, 727, 351, 176, 963, 114, 960, 563, 373, 729, 389, 946, 431, 180, 778, 957, 330, 524, 712, 420, 715, 940, 797, 210, 758, 313]
[720, 887, 319, 435, 731, 346, 754, 886, 507, 981, 314, 511, 988, 834, 326, 638, 520, 907, 890, 980, 963, 22, 76, 380, 528, 926, 667, 244, 769, 827, 114, 106, 658, 219, 384, 723, 136, 888, 720, 772]
[785, 270, 540, 809, 456, 23, 232, 295, 7, 362, 115, 717, 816, 71, 508, 346, 646, 642, 141, 711, 90, 724, 962, 538, 98, 166, 909, 21, 357, 491, 217, 31, 708, 451, 217, 736, 263, 486, 763, 893, 894, 977, 365, 130, 428, 177]
[169, 88, 827, 610, 759, 656, 245, 897, 866, 118, 611, 101, 40, 815, 943, 407, 315, 292, 419, 868, 78, 593, 189, 685, 272, 698, 340, 912, 282, 510, 749, 774, 975, 764, 745, 72, 618, 904, 134, 157]
[341, 662, 851, 929, 687, 968, 306, 86, 529, 529, 685, 835, 131, 750, 706, 956, 937, 740, 871, 585, 761, 545, 802, 926, 271, 900, 854, 985, 711, 39, 720, 101, 385, 800, 425, 621, 426, 31, 629, 953]
[513, 633, 833, 200, 145, 581, 778, 724, 162, 829, 373, 31, 848, 907, 603, 385, 276, 839, 689, 900, 395, 168, 528, 420, 697, 419, 445, 354, 714, 510, 608, 261, 525, 97, 73, 814, 776, 542, 175, 17, 657, 480, 194, 620, 644]
[433, 777, 52, 847, 929, 883, 32, 455, 384, 403, 277, 220, 97, 441, 487, 756, 774, 870, 697, 204, 145, 156, 412, 282, 612, 633, 263, 745, 61, 587, 184, 687, 104, 
266, 887, 879, 620, 750, 46, 902, 386, 563, 351, 687, 165]
[85, 404, 429, 158, 576, 50, 194, 657, 359, 100, 1000, 705, 175, 766, 410, 223, 665, 121, 934, 173, 880, 972, 454, 668, 253, 154, 115, 698, 738, 590, 104, 121, 762, 419, 268, 805, 955, 296, 590, 510]
[244, 583, 978, 900, 457, 826, 179, 11, 893, 828, 184, 703, 759, 26, 442, 179, 844, 108, 828, 917, 333, 782, 211, 758, 67, 835, 107, 23, 76, 721, 94, 429, 33, 256, 256, 449, 776, 402, 116, 479, 277]
[158, 512, 294, 840, 400, 205, 109, 889, 285, 514, 630, 936, 912, 903, 613, 21, 609, 424, 712, 209, 586, 452, 284, 794, 348, 803, 582, 987, 9, 532, 352, 177, 675, 191, 675, 120, 1000, 810, 913, 953, 946]
[193, 913, 935, 764, 20, 908, 931, 364, 773, 163, 264, 742, 803, 827, 834, 892, 84, 339, 843, 799, 430, 33, 471, 541, 571, 62, 135, 391, 103, 117, 947, 465, 218, 
412, 325, 306, 921, 335, 33, 819, 803]
[555, 891, 281, 863, 609, 911, 239, 701, 182, 43, 717, 284, 258, 411, 203, 186, 546, 446, 495, 697, 928, 491, 979, 241, 140, 12, 644, 927, 446, 786, 494, 895, 823, 392, 505, 1, 822, 900, 7, 794]
[457, 698, 975, 50, 366, 605, 89, 323, 329, 249, 651, 427, 95, 790, 984, 739, 226, 206, 986, 505, 70, 487, 558, 555, 829, 296, 200, 575, 340, 866, 129, 322, 707, 
559, 794, 16, 888, 291, 672, 919, 341]
[367, 312, 288, 690, 32, 498, 850, 809, 696, 172, 110, 928, 126, 917, 835, 781, 662, 399, 931, 337, 758, 312, 718, 96, 217, 289, 432, 246, 751, 790, 550, 247, 648, 938, 649]
[759, 878, 585, 131, 107, 953, 157, 84, 377, 603, 887, 999, 483, 401, 396, 690, 894, 344, 957, 555, 360, 327, 644, 27, 878, 118, 123, 583, 108, 243, 951, 102, 41, 749, 427]
[974, 597, 433, 576, 325, 411, 825, 91, 493, 84, 369, 21, 948, 840, 281, 285, 728, 212, 357, 684, 823, 792, 93, 801, 854, 715, 789, 84, 999, 57, 878, 447, 682, 315, 979, 132]
[313, 640, 760, 469, 999, 857, 419, 460, 728, 340, 743, 20, 684, 483, 901, 410, 937, 388, 425, 298, 329, 366, 250, 655, 512, 348, 382, 123, 387, 160, 746, 556, 312, 669, 134]
[131, 642, 554, 979, 557, 697, 888, 43, 733, 113, 316, 903, 953, 87, 917, 974, 39, 108, 761, 82, 158, 270, 351, 396, 325, 361, 508, 611, 149, 615, 790, 251, 432, 
423, 338, 267, 501, 527, 326, 518, 232]
[992, 181, 471, 223, 57, 526, 632, 934, 345, 759, 208, 650, 153, 579, 926, 380, 575, 516, 233, 816, 580, 127, 72, 975, 501, 161, 701, 491, 927, 718, 873, 456, 978, 509, 93]
[44, 678, 401, 168, 850, 727, 500, 130, 94, 999, 335, 49, 151, 679, 3, 365, 98, 59, 207, 354, 736, 743, 537, 39, 472, 324, 411, 566, 675, 818, 660, 829, 28, 409, 
946, 90, 351, 539, 715, 217]
[459, 832, 869, 470, 222, 612, 503, 22, 487, 491, 668, 944, 485, 978, 528, 923, 205, 696, 904, 551, 321, 94, 383, 799, 944, 572, 638, 508, 520, 514, 402, 163, 353, 623, 228]
[157, 8, 146, 93, 867, 318, 381, 636, 557, 432, 685, 399, 44, 934, 916, 453, 980, 72, 713, 507, 622, 557, 611, 879, 226, 856, 309, 830, 787, 798, 395, 299, 998, 857, 435]
[951, 854, 669, 288, 802, 100, 546, 797, 691, 572, 947, 495, 829, 847, 384, 532, 312, 688, 731, 283, 362, 647, 989, 396, 337, 161, 463, 208, 425, 347, 306, 649, 487, 959, 734]
[496, 547, 902, 157, 925, 972, 427, 80, 605, 569, 263, 830, 594, 804, 401, 132, 229, 256, 179, 214, 660, 919, 112, 450, 732, 732, 245, 194, 54, 964, 542, 658, 404, 245, 348]
[75, 649, 78, 649, 443, 222, 545, 458, 993, 897, 337, 764, 645, 10, 299, 921, 582, 462, 11, 564, 215, 476, 972, 430, 509, 697, 452, 673, 360, 519, 561, 640, 588, 
197, 518]
[536, 731, 919, 177, 97, 173, 825, 733, 638, 986, 217, 50, 578, 618, 964, 368, 117, 268, 143, 135, 236, 549, 324, 935, 610, 996, 874, 33, 101, 217, 999, 633, 626, 668, 384]
[333, 553, 844, 70, 321, 875, 647, 867, 671, 585, 389, 548, 36, 155, 257, 320, 608, 354, 3, 289, 977, 381, 204, 416, 245, 338, 425, 942, 552, 395, 588, 585, 831, 
10, 454]
[70, 634, 703, 771, 431, 907, 48, 691, 808, 200, 821, 808, 46, 525, 501, 546, 131, 807, 322, 755, 364, 810, 700, 407, 871, 224, 657, 912, 955, 944]
[894, 988, 833, 840, 45, 890, 448, 638, 163, 862, 599, 66, 121, 809, 765, 944, 808, 602, 227, 173, 766, 970, 962, 553, 321, 53, 676, 410, 955, 852]
[204, 93, 306, 223, 521, 974, 645, 991, 822, 931, 524, 549, 731, 819, 935, 595, 849, 791, 561, 523, 320, 663, 325, 527, 8, 397, 104, 705, 403, 827]
[735, 153, 209, 229, 236, 970, 226, 243, 346, 938, 865, 716, 361, 915, 77, 60, 737, 621, 627, 862, 898, 403, 965, 182, 661, 127, 426, 299, 111, 610, 35]
[584, 213, 549, 377, 825, 979, 688, 649, 173, 338, 760, 709, 279, 632, 782, 863, 940, 804, 11, 556, 256, 559, 767, 411, 674, 972, 104, 285, 195]
[608, 230, 534, 284, 470, 46, 830, 556, 93, 50, 852, 548, 554, 132, 133, 432, 985, 942, 414, 402, 303, 344, 682, 670, 494]
[877, 103, 262, 663, 657, 728, 19, 28, 727, 487, 461, 620, 447, 131, 393, 136, 586, 379, 795, 861, 130]
[824, 169, 507, 726, 377, 837, 154, 605, 384, 715, 604, 419, 533, 496, 990, 110, 479, 384, 988, 171]
[505, 670, 824, 301, 540, 834, 181, 538, 18, 561, 775, 673]
[611, 251, 982, 954, 17, 870, 734, 814, 750, 579, 683]
[184, 647, 554, 186, 605, 704, 862]
[429]