971
864556958825493
523240537544169
275920882892921
78508778988053
209095924551966
855413506375560
796687199961826
901593466550242
424636697127635
905753592459999
188977563585431
535948492906763
435738795502101
194468618777116
637988763271073
461881959343183
948714718421932
952990047813605
44931797829540
813860782188953
593175703794103
881554105995155
675152458932671
972807781106173
377626306326717
980046034807262
212186187434699
164967903785303
955485682935054
170919308259610
524228182114973
109914960355239
973218168787384
124504220666168
364784549983089
683735507964882
38531064094666
188458396874471
320168508504384
672115054209715
685287451247842
555438989792431
419370385616269
908101397673182
191818255526661
737529680651
146606024137712
66601840766871
711866169708701
167832945673108
820872806370280
950471107602560
699908604166377
196903012201679
485900012845397
742535948305593
259409086692916
348968908471597
411591519910055
182512909924636
141880484991765
854726346024388
452171988623898
465085698042068
689580720208662
504547114959010
404301816938589
575797593270793
655689128442656
641193332766568
955432763777822
369077607350263
792142334468758
192756099460351
345995928063899
708266099149383
781597395819481
452228197951286
800040941836587
335760707517193
630645474536253
153307330068226
635083622878240
458686726589030
108333446657176
923658161380240
688241743104575
546973414396647
905841333650813
487068280683474
20659602235804
488159548922582
546281152741622
38775421804662
556719041150720
1684204396451
165406699591216
515479837282689
205137654182396
867293263387091
67247358902233
715381210263916
843864783034171
669197077154954
724395610962855
363252627857469
574571756363851
953961244740636
690799720284709
373800284209335
570198350338649
805038695189555
2705226704880
645080953021361
376003692029287
34429278504881
211055342312630
705327586501945
25692447494071
266445578015771
540032046686459
430302985246259
192670004156190
993496071095374
390017172698366
632545845742581
90702757851643
990860175398116
853435692217281
967104109008611
597516981007863
200824453689356
561044091338558
884026837743207
888917652532498
835126060263777
215756301765152
509522560323789
437100733802906
410638365480090
653135605639824
57098322003201
183904322571001
879367494693688
36638577749205
224272466951683
684099472594645
728168657763392
700439762945397
242001345759429
140542963678564
675174878649681
499538270829899
18899858300044
823165090299892
576804351736830
740214282154733
805794531386162
686899254251032
895897812502435
928762113077661
824234981132315
160951361472119
15476732956464
871297502628799
187089957704590
408336015438635
430881524684415
460219719006287
613454467199758
463833034633921
204765097039731
293719384052523
738180854716530
158371062762201
646635543277789
723647368799557
743364774949742
869078060034250
367927969906068
434585865639469
807392785635243
862274197605062
858273352809977
54015153021407
801856190603688
435061529974129
622571419384232
927054826596445
235525001768334
810724593079392
856642254057895
98656345415224
169773544337762
942822819447856
354866250691826
185856168421078
695200125390885
319431060859833
587714463413042
308036993887226
922379428785136
17739485174805
324275903495800
15153415300506
257712512509177
577880916515830
432391645856559
394399795484988
318186401651680
892481348272086
835926056860246
448717435986013
45001727671282
732382163734938
399087663499435
976542423384479
349995332904392
386442452416364
168213566816310
620124196790337
136383300321797
751680501279523
346854598322312
847555818609169
644628910308044
284115087743718
683918494478086
238917227985098
458466916465452
481517058724847
590717827741015
133908507144317
948773506165615
705152044033328
671349495458053
512455501590021
197991646140069
937679239556662
355060335899014
701230624811846
898951635471658
79188277593918
237698345698895
742946905235943
145527581199558
61870719941812
234262209352759
464788989938750
674676192679221
904406775709705
39172607064216
345472959186605
953608060889651
390960189370076
805830628803434
923862627241775
757833408106306
921138023525251
126478929585794
139452131590944
249978373137727
355348862547591
619118274487215
501827759990189
690713504345372
55420809765974
167156121790076
191483153696535
155736147760341
224330724688971
14899830086694
729242829794332
841146880067030
684675058353797
638511108179669
29209421057842
305137637650695
330655986804686
178171247795235
963214761715049
325812349614261
876809371048960
758041769227727
417982817410856
338756928090178
930194723268463
734328605301119
710563224425793
206438259950587
696986932996141
88802741454710
409809255306810
215778730781731
21906862253136
558194772979702
923830954003452
424874996456593
419474340507504
676212138869468
647274027791522
558383987648381
893705739529157
827537077593946
648030431381439
532999872544990
789254426097653
113830030632850
740955512856523
238672526815070
844895680866463
678061187375860
646088552998767
410720921824415
362922931595678
26491616967436
381065258754064
761364920973419
76302683221169
78160853634804
334318553285150
219454031866085
778475305094617
651001100770681
137163349809967
325918727614835
856012367850017
786964818727718
828568866960953
908955512368720
926472278824439
704906774280824
904826202477590
623837286428221
814170775972954
549077241878557
493988830858064
946049495912140
209591434902658
290196291407421
390444741871880
367648247568247
37652452816736
263554914096253
60788268645577
681868061473858
446711205083219
392051312913466
259661867288131
878622631186020
793519821597995
892525834056546
909815466770042
225056493265376
198344634238810
210057061483270
759456817223683
540488704908937
757522469336720
299473539244761
95919035963432
439184423540391
965540548258488
663968253738789
202030010834321
163384098744270
872131076555649
171543775890952
643302899014969
584803568376753
547311531639440
54427043566234
621263739184944
935652123461638
131522705608229
33451002911336
742049827486567
972371073047367
671886514179103
23479903970514
205478371064744
42281166440471
860772554064653
806446928486488
861135228751923
801450038257524
76661416245142
708502378094571
36995524792670
744482442764892
468910826991085
971348434170801
653311132137209
76198915012824
838778746444169
971319506328667
923226952384645
251481978793127
113136205770489
739227082204212
974372440160812
422871999415870
272960983209618
389697143535085
247419384672488
379849405443211
282684574751227
219769876773069
47137569739279
702075171823010
714117757944248
202217559368631
151920840477969
154855308205179
608813534572694
767445676328502
190552028753211
42250988096749
785327442507082
672029563862851
165822485577678
644065397171059
959724405140244
450682003802478
747071467041616
543250972282217
850595088668116
363854195288063
755835755473678
684021329694562
767513531047480
757220286031258
843366969584455
328796500076209
937497816275776
542891911390691
16343385323315
368076380484430
954388371258483
143061827316136
486444936809708
559648622198928
333026220950064
801924200752239
910295431261938
99806841024176
110751420805776
215292275533930
81158017299799
641944639985617
91533506777208
515060440199448
905802372522787
925525168659037
381186459026197
46399309399674
214253892673638
776702276642935
815259375983132
897654348210346
23338285453668
587758797844711
63117361593274
218918183596287
807650175962490
511128599479173
295123734981149
494071208965905
30747663359169
557932298536246
271057598377406
825483607372869
497599467455265
950451904579411
222797371596498
107986485690930
337359834849107
192014262690493
451189401215342
989198448168534
200057661278163
115296753877027
671485953063287
170022547596065
462161570642088
180589221798974
622713706186539
69621121013917
549246818359611
444043570416336
79536752971405
878597416486408
229196755784440
23178528269639
40925270046413
276597790446474
676561508681819
109188773563760
207378259073215
638400129229147
36261672321211
930205696275741
332636214968054
976204935138669
760695002962824
119670233594761
333659726774780
346776949926759
840222972160144
138121176287775
675176150931991
257865613585771
477627049739050
756825619286296
516931137684552
708785031256592
290134618971166
482485821489521
715880691393470
591852884192474
58496996134565
960610301139112
228644560198912
138803229182629
127145037770674
356214399471385
647706504046720
749879499928539
463432478852553
808057622223022
526169980956342
123666991558604
843621029429849
210104074924838
938513368045398
202982587418717
974992431221261
363897023697194
470543268539091
545993274914392
75234457819066
843395574843474
987776084193095
284743583594955
91838967668639
396180531821063
75222213893263
161502922536769
749830091384850
466946010822498
854892275047752
551455951993440
580707513136961
704569796128179
742213210028339
736924978597287
1684907300775
478279467414461
902683452304975
424769121109487
164080964667533
170814897663480
141581705155503
80385839160550
245854555307895
97072735543262
356356805424680
578266342199855
639220871311245
200115002025862
89676282113012
74719553376705
676070676216791
584184563352996
598316773239932
867129114517913
435950040109210
749662600858312
186815056080316
898880417563012
198752803691
846899766352098
674717699907261
274991361175760
195216726608978
440932174540286
156739591992832
377240332886227
444822476574061
9119023663258
650812247466502
791100925909888
958392049338241
301013410801666
256658533139231
118696864852196
929688873026963
340682806013158
138648486993289
376517877094262
438217971253405
728127020086620
856706493043798
201893633885399
415913466839296
500436175428298
135587184190614
44449991899314
64239132069344
349112469442207
422582140358077
565732057973000
744222030531804
437080196543170
145251149884130
221976806300747
952673467025749
200131677708226
812631674540943
181301652858607
447732112776048
815290099398241
297945116195557
698668723864838
77006964784800
110251721268560
969663627888585
416477648652581
488730361275686
215521094963794
179420895040149
211281856850206
553107519794178
131961036547994
396895074773681
986758379804317
61966987565965
994363878086045
189223836613307
707542407972625
526555912536150
154716176963200
735837268301038
474319889749759
400030617758978
525755336292242
252798836796087
11949100483766
874119121514690
31889448541793
617076292703698
740327200737792
823824969643342
939994229012379
33566921661678
350876853654579
594796794539501
728508134144073
640559211637347
834811633885721
288097583933845
291562628982183
600605435441744
847671034285323
158401659733032
513371291742896
438302524977079
565104506033705
711145765181970
517571774696233
872036703891074
127035285882204
95341598483124
833233478675
156702013715128
982056853944554
710727747718523
557226307120107
163587154829747
541299176131444
838880501549359
948442815949597
887058018295560
579003273963270
689308053229754
692926886180338
865310470739939
372029778338275
155319965428973
650775540253506
938823670824006
798276116643437
901928829938513
388709691116772
490908842347594
936341390986307
514539915062097
625406934031775
702422984003390
122784594402133
445003338907872
812552581691062
599574245760371
275779557050777
468516611366513
558919513938030
490740347613953
233195554973614
986775519670168
103335926655751
740997054653513
362384183880344
205944663084540
973252266819564
467429551179278
797790855757009
981600686571337
731964775381335
599569732042278
700979873463233
635721378101610
197486199635629
248310512204428
26216673200326
105913921838099
326301539047083
202554465357074
760620197702281
753848447066533
313181608851331
270712130664793
29628382895428
764247012991129
740315043515775
864760919401723
499151057438917
611745285621387
363419048034656
417499718990549
942880508687380
394161815190619
34297853110779
933113165157041
727750489749393
172314860638658
366372592299598
553609618072842
39203626310154
383346190011673
670714558137739
752948768146617
872920976696513
837897444056003
52528106104242
458533267323250
913939737046615
914942047801652
534116530789090
416418990253405
799616947212650
352900198478843
144220666900520
330120534592572
383190636137358
339452998934143
94846181269008
495291489443511
202636777187291
593307759440532
126684933768229
980649784382984
113154378677113
263506142685838
357748328407796
954927030269206
174551638599719
73532411796790
189141686890809
5292979697636
127479663799326
951014773832167
953390553135070
601022034779003
685406313718187
235945773067736
804881027125308
552399819004392
197287836559600
807594464115121
951886839336006
919536117653739
218638085546300
726427584547410
793497893377504
828622175022567
317991810163596
697161885163450
243974012313991
768893952582758
872210116433344
944556926517375
121866942281700
399506703138157
915590417017180
54570713506957
130750393943024
412064394338312
336113926960443
68390397345825
205548614284906
295223017924085
375943315098637
401933101158264
248446545896216
351179422194659
778049214778536
380179982744801
981549611865898
707188376801059
520331351269604
689351902241355
505317711798402
716362241239713
14304306820189
807656938112632
384327345663856
921989518576964
506617891780135
116055303193251
319090291755624
204072957201266
831978985054484
242907215977268
586987289591699
739216820236581
555641495914051
129915319155255
355150911495505
527768097933108
101017940162243
599088628450082
167385244788852
850357817638839
724460601427797
767147695576237
497933026721532
495946464424602
755721750488975
366385474507363
65737247979710
629112036705600
10333265511382
858968079055218
868132116142818
516369018211859
233361220480482
952086475486597
231098607703804
625187298129115
683494446802732
739155962404017
507850393407532
394379487639892
304369050668151
516070550279499
317627783342550
334948084010601
63910037333368
613493768858519
714165824345384
447289278698889
380377092846843
655073439458488
178036141821544
177217544705378
143529390202630
411579667512007
730737347164552
620571632847983
357005001528669
692994310513968
565968767257726
895030066435814
269472767412335
221942960920313
444779288420657
948656916631801
904382096676187
674760943481540
465175114825039
373433184047948
31293846205171
881824715518972
847668603922438
623597764654553
746817040143275
756812272795952
218732550531058
33053926532393
195893017550902
576618090393081
994577530357204
87585797461490
144419537357855
318579211097737
246716639345195
726801278006707
579785376225762
711691028939406
444553970521763
151099800443909
293447003621984
572974694670323
254435109883064
47257244255987
980759480010743
589857270937032
446884763911266
123069604166622
121643254388972
336356536273157
924783293961684
994619187634879
337374211954347
787266788160785
84550255438971
538958351966825
921965513844630
613900991598686
972027111703123
587428288538379
992419841484560
885465094196713
559955644032788
17775083205684
377577736709924
390031020464087
768695620423138
257024597229184
66372622972403
543029457914866
22719222387723
651056463522533
660930706365692
48589960253750
351768775592636
518664607505747
745321761554210
75997584111808
580106462813297
681196596000808
777726836856059
685212812165492
519516135293543
69694375061952
328640923148856
336183918307652
386882397500062
457001327706049
917009773556361
593016076332963
997315280283636
39220430155215
175541994332329
36803922485627
308369425242459
436230462029274
682872891516909
491044675717712
884016231475202
298019708032852
