44
38
36
34
19
37
43
38
34
49
43
30
34
39
36
39
24
39
44
46
26
35
33
23
29
21
33
37
41
24
32
36
45
22
41
40
25
35
28
25
35
45
30
37
47
32
27
29
36
41
23
29
40
24
40
37
35
53
22
36
36
36
33
43
31
23
30
44
33
40
33
42
32
27
32
40
54
29
26
33
37
21
28
41
30
29
27
48
19
35
24
39
22
28
28
29
32
55
25
38
34
43
35
49
27
42
29
40
33
20
36
45
33
37
36
25
18
39
29
34
27
33
31
38
43
35
36
37
40
33
41
28
35
42
45
35
31
39
17
23
28
24
29
54
40
37
37
45
42
30
37
45
55
37
37
26
26
39
36
41
25
36
29
34
39
37
25
38
32
49
31
30
37
41
24
46
42
40
29
38
40
44
38
44
16
29
21
40
23
23
39
42
36
38
31
38
40
39
32
23
32
45
30
43
9
25
29
45
46
35
30
35
37
30
28
47
30
31
35
25
26
34
24
34
36
25
33
31
44
45
40
30
26
52
12
28
17
42
38
35
17
53
32
48
30
36
26
44
51
30
33
43
22
27
36
38
24
38
28
51
21
41
43
37
37
25
28
30
36
27
28
39
22
27
39
46
26
40
42
41
34
25
45
51
22
51
26
34
29
39
46
28
32
37
31
47
23
43
25
40
22
45
43
49
14
39
28
18
35
29
45
43
40
27
37
43
35
43
29
40
31
28
21
22
34
37
22
52
35
42
30
42
34
25
25
43
51
30
25
19
38
38
33
37
45
37
16
26
31
33
46
40
30
34
30
18
29
40
29
44
45
36
33
39
15
26
30
38
28
39
30
21
19
43
26
20
31
35
32
38
27
26
29
55
24
36
26
41
35
41
35
38
20
42
36
37
26
45
23
24
18
40
36
33
41
32
35
47
41
20
31
32
35
31
30
39
29
49
42
33
43
42
21
27
13
41
38
28
37
40
32
37
33
43
29
42
22
33
41
33
36
52
26
29
17
27
31
35
38
47
31
41
32
37
35
46
27
39
34
41
34
43
35
33
33
33
30
45
41
36
33
58
44
39
43
43
35
24
26
54
29
39
32
29
31
34
22
30
26
27
33
55
29
44
32
36
21
41
20
34
18
36
38
47
30
39
39
52
20
38
38
40
45
46
29
36
31
37
31
40
35
20
28
43
25
37
25
52
34
33
39
35
30
24
31
39
30
32
44
31
41
41
42
41
48
28
29
32
33
28
34
34
36
42
21
50
20
36
28
27
28
27
16
36
40
34
30
46
20
17
33
32
31
45
39
35
27
38
27
43
34
49
52
33
40
24
44
36
36
29
29
38
29
21
35
42
35
35
45
38
24
31
39
41
45
26
25
34
33
39
31
27
17
31
26
38
29
26
24
28
31
43
35
52
30
25
41
42
36
30
24
38
32
31
47
42
45
48
25
47
29
21
31
46
23
37
44
27
37
35
35
23
33
51
30
40
45
27
36
38
39
35
23
40
28
36
33
36
22
44
29
32
31
26
29
40
36
34
44
33
30
50
30
27
40
43
35
32
42
34
33
44
37
28
49
40
27
39
26
24
33
32
36
45
28
25
34
40
33
35
35
32
27
35
41
50
31
42
35
36
21
44
16
25
39
30
32
20
34
37
38
37
28
24
21
44
36
30
28
43
14
41
25
42
39
45
27
27
34
39
36
44
28
15
30
44
30
23
27
40
39
24
21
41
35
24
28
32
31
44
44
31
35
38
35
49
37
52
27
42
32
32
21
26
34
40
31
41
23
44
25
25
34
46
25
44
28
25
34
28
36
34
34
36
27
20
26
38
28
44
36
42
27
41
27
43
37
43
30
28
20
34
22
25
21
37
38
35
15
39
16
43
43
54
29
25
28
42
38
23
31
40
33
40
37
29
38
43
39
31
20
16
35
46
22
27
37
37
30
37
24
30
53
21
26
31
28
25
31
40
44
27
31
25
39
15
28
33
34
28
37
48
25
41
29
40
24
42
27
32
33
26
41
44
35
25
39
29
24
38
44
36
41
36
26
34
24
42
28
34
21
27
37
31
32
29
49
37
20
31
25
42
49
35
33
29
42
34
40
19
48
34
34
47
36
43
28
41
37
35
37
25
27
36
34
43
25
29
33
21
24
44
28
38
29
45
23
29
25
35
33
39
15
38
27
43
27
43
35
27
25
