100
40
0 0 1 1 1 1 1 1 1 1 0 1 1 0 1 0 0 0 0 1 0 0 0 1 0 1 1 1 0 0 0 0 0 0 1 1 0 0 1 1 
38
1 1 1 0 0 1 1 0 0 0 0 1 0 0 0 0 1 1 0 1 0 1 0 1 1 1 1 1 0 1 1 0 0 0 0 0 1 1 
1
0 
39
0 0 0 1 1 1 0 1 1 0 1 1 1 0 1 0 0 0 1 1 1 0 0 1 1 1 1 1 1 1 0 0 0 0 0 1 0 1 1 
87
0 0 0 1 1 1 0 0 1 1 1 1 0 0 0 1 0 1 1 0 0 0 0 0 1 1 0 1 1 1 0 0 1 1 0 0 1 0 1 1 1 0 1 0 0 0 1 1 0 1 1 1 1 0 1 1 1 0 0 0 0 0 0 1 0 1 1 0 0 1 1 0 1 1 0 0 0 1 0 1 1 0 0 1 0 1 0 
23
1 1 0 1 0 0 1 1 0 0 0 1 0 1 0 1 0 0 0 1 1 0 0 
22
0 1 0 0 0 0 0 0 0 0 1 0 0 0 1 1 1 1 1 0 1 0 
22
0 1 1 1 0 1 1 1 0 0 0 0 0 0 1 0 0 1 1 1 1 1 
85
0 0 0 1 1 1 1 1 0 0 0 0 1 0 0 0 0 0 0 0 1 0 0 1 0 1 1 0 1 1 1 1 0 0 0 1 0 1 1 1 0 0 0 0 1 0 0 1 0 1 1 1 1 0 1 1 0 1 1 1 0 0 1 1 0 0 1 0 0 1 1 1 0 1 0 1 0 1 1 1 0 0 0 1 0 
85
0 0 1 0 0 1 1 0 1 0 1 1 1 0 1 0 0 1 1 1 1 0 0 1 1 1 1 0 0 0 1 1 0 0 1 0 1 1 1 0 1 1 0 0 1 0 1 0 0 0 0 1 1 0 1 1 1 1 1 1 1 0 0 1 1 0 1 1 0 1 1 0 1 1 0 1 0 1 0 1 1 0 0 0 1 
28
1 1 0 0 0 1 0 1 0 0 1 1 1 0 0 0 1 0 0 0 1 0 1 0 1 1 1 1 
15
0 0 1 0 0 0 1 0 1 1 0 1 0 0 0 
79
0 0 0 0 0 1 0 1 0 0 0 0 0 1 0 0 0 0 1 1 0 0 0 1 0 0 0 0 0 1 0 1 0 1 0 0 1 1 0 0 1 1 0 1 1 1 1 0 0 1 1 0 1 1 1 1 0 1 1 1 0 0 0 1 0 1 0 1 0 1 1 0 0 1 1 0 0 0 1 
78
0 1 1 0 0 0 1 0 1 1 1 0 0 0 0 0 0 0 1 0 1 0 0 1 0 1 1 1 1 1 0 0 1 1 0 0 0 1 1 0 0 1 1 1 1 1 0 1 1 0 0 0 1 1 0 0 0 1 0 1 0 0 0 1 1 1 1 1 0 1 0 1 0 1 1 1 0 1 
43
1 0 1 0 1 0 0 1 0 1 1 0 1 1 1 0 1 1 0 1 0 0 1 0 1 0 1 1 1 0 0 1 1 1 0 0 1 1 1 1 1 0 1 
81
1 0 1 0 1 1 0 1 1 0 1 1 1 1 0 1 1 1 1 0 1 0 0 1 1 0 0 1 1 0 1 1 1 1 0 1 0 1 1 1 1 0 1 1 1 0 1 0 0 0 1 0 0 1 1 1 1 1 1 0 0 1 0 1 1 0 0 1 0 0 0 0 0 0 1 1 1 0 1 0 0 
56
1 0 0 0 0 1 0 0 1 0 0 0 0 0 1 1 0 0 1 1 1 1 1 1 0 1 1 1 0 1 0 0 0 1 1 1 1 1 0 1 1 1 0 0 1 0 1 0 0 1 0 0 0 0 1 0 
6
0 1 1 0 1 0 
69
0 0 0 1 1 0 0 0 1 1 0 0 1 1 0 0 1 1 1 0 0 0 1 0 0 0 0 1 0 1 0 0 0 0 0 0 0 1 1 0 0 0 1 0 0 0 1 0 1 0 1 1 0 0 1 1 0 0 1 0 0 1 1 0 0 0 0 1 0 
9
1 1 0 1 1 0 1 0 1 
27
1 1 0 0 0 1 0 1 0 1 1 0 0 1 1 0 0 1 0 1 0 1 1 0 0 1 0 
21
0 0 1 0 0 1 0 0 0 1 0 1 1 1 0 0 0 0 1 0 0 
67
1 0 1 0 1 0 0 0 1 0 0 1 0 0 0 0 0 1 0 1 1 0 0 0 1 1 0 0 0 1 0 0 0 1 0 1 1 0 1 1 1 1 0 1 0 1 0 0 0 0 1 0 1 1 0 0 0 1 1 1 1 0 0 0 1 1 1 
28
0 0 0 0 1 0 0 1 0 1 0 1 1 0 0 1 1 1 1 1 1 1 1 1 1 0 1 1 
50
0 0 1 0 0 0 1 1 1 0 1 0 0 0 0 0 1 1 1 1 0 0 0 1 1 1 1 1 1 0 0 0 0 0 0 1 1 1 1 1 0 0 1 1 1 0 0 1 1 0 
31
1 0 1 1 0 1 1 1 1 0 0 1 0 0 0 0 1 0 0 0 1 0 0 1 0 1 0 0 0 1 0 
2
1 0 
3
1 0 1 
87
1 1 1 1 1 0 1 1 0 0 0 1 0 0 1 1 1 0 1 0 0 1 0 1 1 1 0 0 1 1 0 1 1 0 0 1 1 1 0 0 0 1 1 0 1 1 1 0 0 1 1 1 0 0 0 1 0 1 1 0 1 0 1 0 1 1 1 0 1 0 0 0 0 1 1 0 0 1 0 1 0 0 1 1 1 1 1 
44
1 0 1 1 0 1 0 0 0 1 0 1 0 1 0 0 1 1 1 1 1 1 0 0 1 1 0 1 0 1 1 1 0 0 0 1 1 0 1 0 0 1 1 0 
42
1 1 1 0 1 1 1 1 0 1 1 0 1 1 1 1 1 0 0 1 0 1 0 1 1 0 1 0 0 0 1 1 0 0 1 1 0 0 1 0 1 0 
27
0 1 1 0 0 1 0 0 1 0 1 1 0 0 1 1 1 1 0 0 0 1 1 0 1 0 0 
21
1 0 0 1 1 1 1 0 1 0 1 0 1 1 0 1 0 1 0 1 0 
22
1 0 0 1 1 0 0 1 0 1 1 1 0 1 1 0 1 1 0 1 1 1 
61
1 1 0 0 0 1 1 0 1 0 0 1 1 1 0 1 1 1 0 1 1 0 1 0 1 0 0 0 0 1 0 0 1 1 0 0 1 1 0 0 0 1 1 0 1 1 0 1 1 1 1 1 1 0 1 0 0 0 0 0 0 
59
1 0 1 0 0 1 1 0 0 0 0 1 0 1 0 0 1 0 0 0 1 0 0 0 1 0 0 0 1 0 0 0 0 0 0 0 0 1 0 0 1 1 1 0 1 0 1 1 1 1 0 1 0 1 1 0 1 0 0 
63
0 0 1 1 1 0 0 0 1 1 0 0 0 1 0 0 1 1 1 0 1 0 1 1 1 1 1 0 0 0 1 0 0 0 0 0 0 0 1 1 1 1 1 0 0 0 0 0 0 1 1 0 1 1 0 1 1 0 1 1 0 0 0 
2
0 0 
4
0 0 0 1 
88
0 0 0 1 0 1 0 1 0 0 0 1 0 1 1 1 1 0 0 0 0 0 0 0 1 0 0 0 0 0 1 1 0 1 1 0 1 1 1 0 0 0 0 0 0 1 0 0 0 0 1 1 0 1 1 0 0 0 1 1 0 1 1 1 1 0 1 0 1 1 1 0 0 1 1 0 1 1 0 0 1 0 0 0 0 0 1 1 
30
0 0 0 1 1 1 1 1 0 1 1 0 0 1 0 1 1 0 1 0 1 0 1 0 1 0 0 0 0 0 
25
0 0 1 0 1 0 1 0 1 1 1 0 0 0 1 0 1 0 1 1 1 1 0 0 0 
2
1 1 
37
1 1 0 0 0 1 0 0 0 1 0 1 0 1 0 0 0 0 1 1 0 0 0 0 0 0 0 1 1 1 0 0 1 1 1 1 1 
42
1 1 0 1 1 1 0 1 1 0 1 0 1 0 1 1 0 1 0 1 0 1 0 1 1 1 1 1 0 1 1 1 1 0 0 1 0 0 1 0 0 1 
12
0 1 0 0 0 1 1 0 0 0 0 1 
87
0 1 0 1 1 0 0 0 0 1 0 0 0 1 0 0 1 0 0 1 1 0 1 1 1 1 1 1 1 1 1 0 1 1 1 0 1 1 0 0 0 1 1 1 0 1 0 1 0 1 0 1 1 1 0 0 0 1 1 1 0 0 0 1 1 0 1 0 0 1 0 1 1 1 1 0 0 1 1 1 0 0 0 1 1 0 0 
42
1 0 0 1 1 1 0 0 1 0 1 1 1 1 1 0 0 1 1 0 0 0 1 0 1 0 0 1 0 0 0 1 1 0 1 0 0 1 0 1 0 1 
50
0 0 0 0 1 0 1 0 0 0 0 0 0 1 1 1 0 0 1 1 1 1 0 0 0 0 1 0 0 0 1 0 0 1 1 0 1 1 1 0 0 1 0 0 0 0 0 0 1 0 
8
1 1 0 0 1 0 0 0 
73
0 0 1 1 1 1 1 0 1 1 1 0 0 0 1 1 1 1 0 1 0 1 0 0 0 1 1 1 1 0 0 0 1 0 0 1 0 0 0 1 0 1 0 0 0 1 1 0 0 0 0 0 1 0 0 0 0 1 1 1 1 0 0 0 0 0 0 0 0 0 1 1 1 
31
1 1 1 1 0 1 0 0 1 0 1 0 1 0 1 1 0 1 0 1 0 1 1 0 1 0 0 0 0 0 1 
53
1 1 0 1 0 0 0 1 1 1 1 0 1 1 1 1 1 1 1 1 0 0 1 1 1 0 1 0 1 1 0 0 1 0 1 0 1 0 1 1 0 0 0 1 1 1 1 0 1 1 0 1 1 
10
0 1 0 0 1 0 0 0 0 1 
71
0 1 0 1 1 1 1 1 1 1 0 0 0 0 0 0 1 0 1 1 0 0 0 0 0 0 0 1 1 0 0 0 0 1 1 1 0 0 0 1 0 0 0 1 0 0 0 1 0 1 0 1 1 1 1 0 1 1 1 0 1 1 1 1 0 1 1 1 1 1 0 
33
0 0 0 1 0 1 0 0 1 1 0 1 0 0 0 0 1 1 0 1 1 1 1 0 0 1 0 0 1 1 1 1 1 
77
1 1 0 1 1 0 0 0 0 0 0 1 0 0 0 1 0 1 1 0 0 1 1 1 1 0 1 0 0 0 1 1 1 0 1 1 0 1 0 0 0 1 1 1 0 1 1 1 0 0 1 0 1 0 0 1 1 1 1 1 1 1 1 0 1 1 1 1 0 1 0 1 1 1 1 1 1 
43
0 0 0 1 1 1 1 0 1 0 1 1 1 1 0 0 1 1 0 1 1 1 0 0 1 0 0 1 1 1 1 0 0 0 0 0 1 0 1 0 0 1 1 
34
1 1 0 1 1 1 1 0 1 1 1 0 1 0 1 1 0 1 1 0 1 0 1 0 0 0 1 0 0 1 1 1 1 0 
10
1 1 1 1 0 1 0 0 1 1 
74
1 0 0 0 0 1 0 1 0 0 1 1 0 0 0 0 1 1 0 0 1 1 1 0 1 0 1 1 0 1 1 0 1 0 0 1 0 1 1 0 1 0 1 1 1 0 0 1 0 0 0 1 1 1 1 0 0 1 0 1 0 1 0 1 0 1 0 0 1 0 1 0 0 0 
65
0 0 0 0 1 0 1 1 0 0 0 0 1 1 0 0 0 1 0 0 1 0 0 0 1 1 0 0 1 0 0 1 0 0 0 0 1 1 0 1 1 0 0 0 1 0 0 0 1 0 0 1 1 0 0 0 1 1 0 1 0 1 0 0 1 
92
1 0 0 0 0 0 1 0 0 1 0 1 0 0 0 1 0 0 0 0 0 0 0 0 0 1 1 0 1 0 1 0 0 1 1 1 0 1 0 0 0 1 0 1 0 0 1 0 0 0 1 1 1 1 1 0 0 1 1 1 1 1 1 0 0 1 1 0 1 0 0 1 1 0 0 1 0 0 1 0 1 1 1 1 1 1 1 0 0 0 1 0 
93
1 0 1 1 0 1 0 1 0 0 1 0 0 0 0 0 1 0 1 1 1 0 1 0 0 1 1 1 1 1 1 1 0 0 1 0 1 1 0 0 0 0 1 0 0 1 1 0 1 1 1 1 0 1 1 0 0 1 0 1 0 0 0 0 1 0 0 0 1 0 0 1 1 0 1 0 1 0 0 1 0 1 0 1 0 0 0 0 0 1 0 1 1 
82
1 0 1 1 0 0 0 0 1 1 1 1 0 1 0 0 1 1 0 0 1 1 0 0 1 0 0 0 1 0 1 1 0 1 0 1 0 1 0 0 0 1 0 1 1 0 0 0 1 0 0 1 0 0 0 0 1 1 0 0 0 1 1 0 1 1 0 1 0 1 0 0 1 1 0 0 1 0 0 0 1 0 
38
0 0 0 1 0 1 1 0 0 1 1 1 1 1 0 1 1 0 0 1 1 0 1 0 0 1 1 1 0 0 0 0 1 1 1 1 1 0 
73
0 0 0 0 0 0 1 0 0 0 0 1 0 0 0 1 0 0 1 1 0 0 1 1 1 1 0 1 0 1 1 0 0 0 0 0 0 0 0 1 0 0 0 1 1 1 0 1 1 1 1 0 1 0 1 1 1 0 0 0 1 0 0 1 0 0 0 0 0 0 0 1 1 
19
1 1 0 0 0 0 0 1 0 0 0 1 1 1 1 1 0 1 0 
34
1 0 1 0 1 1 1 0 0 0 0 1 0 1 1 0 0 0 0 1 0 0 0 1 0 1 0 1 1 1 1 0 0 1 
44
1 1 0 0 1 1 1 0 1 0 0 0 0 1 0 0 0 0 1 0 0 1 0 0 1 1 1 1 1 1 1 1 1 1 1 0 0 0 1 1 0 1 0 1 
54
1 1 1 1 0 1 0 1 0 1 0 0 0 0 0 0 0 0 1 0 1 0 0 0 1 0 0 0 1 1 0 1 0 1 0 1 0 1 0 1 1 0 1 1 1 1 1 0 0 1 1 0 0 0 
60
0 1 0 1 1 0 1 0 1 0 1 0 0 0 1 1 0 0 1 1 0 0 0 1 0 1 0 0 1 0 1 0 1 0 0 0 1 1 0 1 0 0 1 1 1 1 1 1 1 1 0 1 1 0 1 0 1 1 1 0 
75
0 0 1 1 0 1 1 1 1 0 1 0 0 1 0 0 0 1 1 0 0 0 0 0 0 0 0 0 0 1 1 1 1 1 1 1 0 1 0 1 1 1 0 0 0 1 1 0 0 0 0 0 1 0 0 0 1 1 1 1 1 1 0 1 1 0 1 0 0 0 1 0 0 0 0 
81
1 1 1 1 0 0 1 0 0 1 1 1 0 0 0 1 0 0 0 0 1 0 1 1 1 1 0 1 0 0 0 0 0 1 0 1 1 1 1 1 0 1 0 0 1 1 1 0 1 1 0 0 1 0 0 1 0 0 0 1 0 0 0 1 1 1 1 0 1 0 0 0 0 1 0 1 1 0 0 0 1 
97
1 1 0 0 0 0 1 1 1 0 1 1 1 1 1 1 1 0 1 0 1 1 0 1 0 1 1 1 1 0 1 0 1 0 0 0 0 1 0 1 1 1 0 1 1 1 1 1 1 1 0 0 1 0 0 1 0 0 0 1 1 0 0 0 1 1 0 0 1 1 1 1 1 0 0 1 1 1 1 0 0 0 0 1 0 1 0 0 0 0 0 0 0 0 0 1 1 
92
0 1 0 0 0 1 0 1 1 1 0 0 1 1 1 0 0 1 1 1 0 1 1 1 1 1 0 0 1 1 1 1 0 1 0 1 1 0 0 1 0 1 0 0 1 0 0 0 0 0 0 0 1 1 0 1 1 0 0 0 0 0 0 1 1 0 1 0 0 1 1 0 0 1 0 1 0 0 1 1 1 0 1 0 1 0 1 1 0 1 0 0 
55
0 0 1 0 1 1 1 0 1 0 0 0 1 1 0 1 1 0 0 0 0 1 0 1 1 0 0 0 0 0 0 1 0 1 0 0 1 0 0 1 1 0 1 0 1 0 1 0 1 1 1 0 0 0 1 
11
1 0 0 1 0 1 0 1 1 0 0 
69
1 0 0 1 1 0 1 1 0 1 0 0 1 1 1 1 0 1 0 0 1 0 1 0 0 0 0 0 0 1 1 0 1 1 1 1 1 0 0 1 1 0 0 0 0 0 0 1 0 0 1 0 1 1 1 1 0 0 1 1 0 1 0 1 0 0 0 1 1 
96
0 0 0 0 1 1 1 0 0 1 1 1 0 0 1 1 1 1 0 1 0 1 1 1 0 1 0 0 0 0 0 1 1 0 0 1 0 0 1 1 1 1 1 1 1 0 1 1 0 0 0 0 1 1 0 0 0 0 1 0 0 1 1 0 0 0 1 1 1 1 1 0 0 1 0 1 0 0 0 1 0 1 1 1 1 1 1 0 1 1 1 1 0 1 0 0 
84
1 0 1 1 1 0 1 0 1 1 1 0 1 1 0 0 0 0 0 0 1 0 1 0 0 0 0 0 1 0 1 1 0 0 1 0 1 1 1 0 1 0 1 1 1 0 0 1 0 0 0 1 0 0 0 0 0 1 1 0 1 1 0 0 0 0 1 0 0 1 1 0 1 0 1 0 0 0 1 0 1 1 0 1 
96
0 1 0 1 1 1 1 0 0 0 1 1 0 0 1 1 0 0 0 1 1 0 1 1 0 1 1 1 1 0 0 0 1 0 1 1 0 0 0 0 1 0 1 0 1 0 1 0 0 1 0 1 1 0 0 1 0 1 0 1 1 1 0 1 1 1 1 0 1 0 1 0 1 1 1 0 0 0 1 0 1 0 1 1 1 0 0 0 1 1 0 0 0 1 1 0 
42
0 0 0 0 0 0 0 0 0 1 1 1 0 0 0 0 0 0 0 0 0 1 1 0 1 0 1 1 0 1 0 0 1 1 1 0 0 0 1 1 1 1 
5
0 0 1 1 0 
18
0 1 1 1 1 1 1 1 1 1 1 1 0 1 1 0 1 0 
43
0 0 1 1 1 0 0 0 0 1 1 0 1 0 1 1 0 1 0 0 0 1 1 0 0 0 1 0 1 1 1 1 0 0 0 0 1 1 1 0 1 1 0 
71
1 1 1 1 0 0 1 0 0 1 0 0 1 1 1 1 0 1 1 0 0 1 1 1 0 0 1 0 0 1 0 1 0 0 1 0 0 0 1 1 1 1 1 1 1 1 0 1 1 1 0 1 1 1 1 1 0 1 1 1 1 1 1 1 1 1 0 0 1 1 0 
25
1 1 0 1 1 1 0 1 0 0 0 0 0 0 1 1 0 1 0 0 0 1 1 0 0 
40
1 0 0 0 0 1 0 1 1 0 0 1 1 1 0 1 0 0 0 0 0 1 1 1 1 0 1 1 1 1 1 1 0 1 0 0 0 1 1 1 
82
1 0 0 1 1 1 1 0 1 0 0 0 1 0 0 1 0 1 0 1 1 0 1 1 1 1 1 1 0 1 0 0 1 0 0 0 0 1 0 0 0 1 0 0 0 0 1 0 0 0 1 1 1 1 0 1 0 0 0 1 1 1 0 0 0 1 1 1 0 0 1 0 1 0 0 1 0 0 0 1 1 1 
100
0 0 0 1 1 0 0 0 0 0 1 0 0 1 1 1 1 0 1 1 0 0 1 1 0 1 0 0 1 1 1 0 1 0 0 1 0 0 0 1 0 1 1 0 1 1 1 0 0 1 1 0 0 0 1 0 1 0 0 0 0 0 0 1 0 0 1 0 1 0 0 1 1 1 0 0 0 1 1 0 0 0 1 0 0 1 0 0 1 0 0 1 1 0 0 1 1 1 1 0 
90
0 0 1 1 0 1 1 1 1 0 0 1 0 1 1 0 1 1 0 1 0 0 0 0 0 0 0 0 1 0 1 1 0 0 1 0 1 0 1 0 0 0 1 0 0 1 1 1 1 0 1 0 1 1 1 0 0 0 0 0 0 0 0 0 1 1 1 0 0 0 0 1 0 0 1 1 1 1 0 1 1 1 0 0 1 1 0 0 1 0 
75
1 1 0 0 1 1 0 1 1 0 1 1 0 1 1 1 0 0 1 0 1 1 1 1 1 0 1 1 1 0 1 1 0 1 1 1 1 0 1 0 0 0 1 0 1 1 0 1 0 1 0 0 0 0 1 1 1 0 0 1 0 0 1 0 1 1 1 1 0 0 0 1 1 0 0 
83
1 1 0 1 1 0 0 0 0 1 0 0 1 0 0 0 0 0 1 1 0 0 1 0 1 0 1 0 1 1 1 1 1 0 1 1 0 1 0 1 0 0 0 1 0 1 1 0 0 1 0 0 1 0 0 1 0 1 1 0 1 1 0 1 0 1 0 1 1 0 0 0 0 1 1 1 0 0 0 0 0 1 1 
40
1 1 1 0 0 0 1 1 1 1 1 1 1 1 0 0 0 1 1 1 0 1 0 1 1 0 1 0 0 1 0 1 0 1 0 0 1 0 0 0 
64
1 0 1 0 1 1 1 1 1 0 1 0 1 1 0 0 1 1 1 0 0 1 1 0 1 1 0 0 0 0 1 1 1 0 1 0 1 0 0 1 0 1 1 1 0 0 1 1 0 1 1 1 1 1 0 1 0 1 1 0 1 1 0 1 
1
1 
42
0 0 0 1 1 1 0 0 1 1 1 1 1 0 1 1 0 1 0 0 1 0 1 1 0 0 0 1 1 0 1 1 1 1 0 1 0 1 1 0 0 0 
50
0 1 1 0 0 0 1 1 1 1 1 0 0 0 1 0 1 0 0 1 1 1 1 0 1 0 1 0 1 1 0 1 1 0 1 1 1 1 1 0 0 0 1 1 0 0 0 0 0 1 
37
1 1 0 0 1 1 1 0 1 1 0 1 1 1 1 0 0 1 1 0 1 1 1 1 1 0 1 0 0 0 1 1 0 0 1 1 0 
