643559572136814076
330345722445435033
366234095143450791
320944906331801343
70054716077910048
278666131681349983
512741789474173879
7561553940864999
99533070703221844
370117480349823961
101769554944559957
383969109011403265
447283332758555835
165590725276056059
198398653682690991
330010420873880468
62588611543149708
319881200617215058
43156990137228645
366808112432372864
423348514561791328
22204798815612238
256883514418615101
254384818619357109
140058068503953233
308911652505934938
157163956265738208
858475209818991845
223768230152352866
73623017400239191
268159167220161742
375578802638932645
258461292308210797
657224626324943694
211162717904047897
364484053100857678
148663704528314040
43277970838127621
445310391804203122
692779675679853410
427372428891787103
47417841706808241
637176826328988006
296920413330132646
498540668273233425
904974164406243350
74942063595829115
46573974680370078
574129746952731084
27812471336682033
324974023479270127
205119201789751158
472387146937841913
487421628362872284
392871773440932882
192142322582631963
352629266028540761
222174572028755331
456395255847953322
213445487231267985
35341237852333223
265311940791481666
467174930126855576
684335193622691973
210691007042521982
475966180455771744
997448036648373709
484228719520947353
119485898773949003
423994623158785527
175712678560321906
247443614193611385
949526991373026397
318930654857668547
89370281643212255
829843322738735955
108738345555047301
180940950815325326
8039636444636182
93591101751975227
366030801631904599
692075017675086125
282160228074883942
361540930707310591
655848591447464200
280306765348323153
480028164782777911
862018914576707017
23702421002210923
458896561650189910
885621254861507862
390006531054551989
484355742579115253
935889467606424313
195718744724895641
422186065878047775
812727818930597542
487364478821288699
359435237730485468
969792365409110445
241830797883185748
218245084605814818
46314908786104995
393531873107472789
459975792896497274
957803307173771501
492065328539327145
451224793336398080
940857265205943381
227126726326514299
435605252132362490
655916760012801345
28135745015234032
494567034442953864
789128656410515907
113118593879583050
48605138027234793
238883299678513440
442885822328485634
31255722795020386
615500251037657091
263439841571818105
162086311857045570
61590324964937057
87595939744021551
127792409878696798
735255055892571004
153033745879493081
54585541772600981
40381700024300399
73355515660209071
462088224153232741
342269880680934550
412605235016042773
112099848453487453
141371278890263110
222908277429012496
148972867341755303
92934259417892576
374784983464335292
360204787152988474
777548601482719498
343468253843726181
305580021886221273
488615110581866455
228582780294857082
419448397426580251
118846513822945811
186142889282035041
319770950700215890
851537657751988185
373559935700268515
311174317911133225
199262754667701213
61037583559017678
459594991352600202
196677699305696494
130908751444940871
3609192225232563
710224816400346294
106122287319409693
123539765769504926
212892703837083181
197971290302051158
57132353131042097
839951368807762105
7923178512853097
397200829793343252
24720739898809660
161323334096588678
60919273951048943
390039244055280992
252215833815862365
308512347001042304
608535050678156095
112186335130960255
282849629614123959
607282354083120932
485182993854248508
274607444553447877
911853438508559603
65486964657092987
83627393915200585
794820982771447780
85294398024045183
397900044424565266
817465814402697702
262996257580667246
115022529770734819
367316898922743579
204136439898658140
236954040926466454
963285052639206992
474955952868085435
121561312293398729
426181541152243115
42075483213813574
128166924049210837
753476563603298099
437852698747647263
227463726653803472
464612222977799214
486570880139794997
206891633190439239
261278133958572354
108719814695946514
422701808209159842
879191986888544148
368692128159868045
400807273164733598
340239034314937663
463112809300401361
430927769683855811
457309677094661852
231750858438056846
82128222290003568
290604769751366574
474122815179861805
7901932253656933
705149439518892745
341951306726876492
191039494614033653
949779167939613748
15163931806515305
440955783678208128
76548351432554889
230936593004172808
132891667025613157
884661364460692671
177202739007152639
320340960349444764
13539778697665817
28518190789646460
169270874809300404
575303775848873759
114687989154808774
178689733612786031
986090747977996956
317453211286928300
65979412010420324
3966932365484188
219523219409430768
8206267933939884
964598290290496734
126296684852949489
148563837596673311
123654338273645794
59400706579117202
104097445559075179
703557882807104341
348682067597631630
394444205811971632
749002380900469080
122549317301344550
220183577645182057
230163530150996179
273789850938046436
166321997404762695
29731376638344068
137781555590233297
292020859204715684
60504165889817027
273360099298964167
251805203331139183
234649796651301964
81549953667542300
28755416453971340
198848282067381309
407838478250972915
175727163238690473
404022839813362547
72159202269669954
150642429744055426
525511536735606878
376543665610767429
148109912870980224
882470776465171686
237664228548670450
226032538569513789
967025229074521986
52619841361094939
394845086170890144
698386667088576654
195476236225673346
393905312725992516
445520371460228339
82027871298235671
348238573192491847
91043758817032255
460738799838246293
14548110597479080
823379845223361035
111895111212894407
32230550573837526
211516493128610557
275919159402491780
348640886972197330
690178837967346521
96713963459888564
450315419123205346
325673876205666683
60778499521357455
360357192121607565
65167847096882166
364878275632278811
422435076424185226
904523850494162105
392831136804852963
417077685911032342
635366157542418147
471831092993227197
12560209960098361
323524555510089929
175726354277551602
153719668071598272
221243213098597104
125139974720732914
402484965369717589
469580496160203309
205318235869646293
187949019371551947
347883389844339899
384490367607011155
84249803042816698
916576785987533033
481783418661373417
446510516741937192
932411630818269713
171114868560710816
189173824098861589
86988835734524343
230722986966408879
287384790276524937
341329976219529357
498687936001804233
496947355736779435
667727324491461986
341374847909516618
411370277389592074
136075709048281278
336226459252779952
254708647274460471
300138146231074319
284927217216460829
324933949283286866
827292455741593650
380814925277005391
236966237786125067
562912012903774753
127779622894508694
163428559805290331
683718079324355363
29172082597525449
178790805593478961
713310698139399520
363106511669030382
150816072487751224
531292980959105302
471984342797407698
473091968696647374
400608023049135763
452500587186362922
293662720368975003
763593229744610808
277624789775167105
203701490128704930
378695603113249547
281305405041080382
473371736409462943
954958095284953429
14480447956910059
331037445290252003
708389109451076088
348981865924750672
37181655577179898
84028294517213514
64991276786115166
194281981756780977
549499240344200703
142183112264050503
498113088387766102
558092692013419015
98333667481871085
99488881472226745
706461593758833911
4398795332988962
339185901731988826
33007949074299574
411816775298756620
284188958094125197
94769517217455119
492101197016075056
351053797828160682
478014090030168242
186486959062270887
281867566976539475
165334364076081582
268657772669294600
372246206301175956
436617530625292892
98604560250547479
241299891222527809
677614120035840749
130213667587788097
442210129069154423
507844857924471775
8998210018596721
371584022303190394
773553424346325612
371110908286972721
382938482014751560
344649587390575336
200478493290077080
45166479719822241
747561079323479932
389569766089147040
113306019463532148
372272366069622979
6660846363108371
54462943125021692
103487371618637790
138636767709103255
474590748177651991
305688401325852474
391865618919429237
362410704766049754
759519587770264475
395631719513700764
275164271143798534
783575217427611333
376263491482323160
413679267692819075
485995231396181527
346714199042478718
179514804495331706
692342475070308375
251638264319061693
489215306146092380
211147913548145330
332698390026929100
136971432355167353
818714201464956322
49212463513855987
396985033835431182
174929459810704372
458753340504260525
28274633868242892
228885466772019229
167939227627136283
426729746354981944
455475990332611991
85473507131198490
301295267950364791
713669989154731954
298673688126724543
385967445110349239
320530843282244449
313349785453110417
16006080693069541
511501138733012405
52647606519937720
442563071229717563
676475349001423766
95692674453479605
87673344958416337
252802868505452295
368851950821576267
251628990287498325
105518121503286020
66694154037885314
381011111168123355
953709102526968142
206764335374339906
307496522215269444
904061455149922096
18978525124330347
206733938895615702
301717859774959906
235910374643035676
83348931111087585
694426465493476632
367407620464644863
125459269604767919
160991546900161613
95290015922416000
283211280200291796
474623550808330346
215644260846297131
47801460341372838
19596057239815699
248053939001781019
299336560854885643
703928058332824553
246032209916805048
31426556864628262
659907119506964485
133512334517024675
231193155035400045
386452842356959017
305584789145864388
112234023965470780
185505476155570051
34556427611337325
467508413992075305
194254295608908620
493130403253525864
25022425671513112
117577237276627160
229538073307700487
140189881480935253
267833128722259284
73920364421611557
487987177770752758
930156588473960799
340031964068098767
364835101375623136
389731095710030770
180191146813156212
130586717670924212
373209943049905636
452042075132106019
235785642011686204
65619521485897612
376261175479362172
380800956420180392
77835165039843433
472854516475810551
243017160179746394
322116384689699226
161356384815305328
178120476854008663
92074952442447805
403248656379751933
298226466398155720
121197437643163623
248064377001812459
231928225876473477
408554361695517251
368784533899336856
472755545638266427
525823333688049875
405804432324734685
154328819152223312
169266479366081751
83057898955636443
446265251080115000
162476216437637201
218722710493690258
353251224823886763
460883197246815508
142054495326043802
291304518058374726
969869267113412240
146511508547209497
148807019686153658
867009301964326143
455238557606745031
274689028734283747
186871301641050551
409351059426371423
365213349229365105
271244571528310018
125674630239260209
306366444238437107
193327301173207524
407496499078475162
73565724123768976
353811874799486847
291628361424443676
376429235405494761
551852036692999272
240859316311707077
223648992307757097
825554357479745660
309659138877912402
455487779172807782
486074265167521461
434323554702825291
121172894641170892
774207307792594212
189168642239834084
18267503121453224
278059329032359196
185403706648651691
26194371351545319
254634599136107971
265722740488819977
80781883008385774
444940837587528884
171109742091522327
111518138729497165
487537555833792867
28794259455058032
191096079128207066
886138326492333509
36787908341935225
148400959694051482
503476703669483498
216246746087976043
148104894812967692
630875113541239236
434554634629051617
425925005850412147
779756892962805957
499656926330845396
51121524248125566
278580237575677553
463940126517622093
458082157931331852
758532190156702345
246203170819431626
362313507551638598
973915876689114227
189563020447320314
373297858344894024
921514514332556481
318482183720715498
388545644498085940
250616856518139204
264486521724608755
197339843026811419
34250557805473429
407890081411890121
295513663746159299
53078891682276154
485354567970588297
33864627889909864
773951275442429537
296053961944700262
253856184632951127
976877065594093504
928879013589017
347887986171134586
400076863919332442
194992260175835853
146310922552508393
181128668248050641
495511323274050122
193182480461120929
284178509199550021
282859432964785324
318494192622744683
198679685069875782
99776839697908481
191822705376157374
306412381669652397
342869341526920089
370019925616046399
934753059611415026
392474813597391040
404712381141705762
72303389152031869
460506308661250803
278267831879005140
131029664289023892
199814009635840809
173024488542450322
494879456106389208
396179739718245630
255538182064707633
458346132259023958
173337940945488797
369064394479085187
672143344886949858
51365134966158742
419802657399422911
51866982205101186
320060466448524617
164370931631829373
342260935023228862
106080693717820344
192337622025148706
908065275187204247
248780431058231942
51955718698867232
190636318031903301
78333325325419534
404340655095496803
289845571843004422
433433624034284497
287380165256680572
725588829325382616
181788322345258775
306616584812936858
239428430794410643
65844954136015080
69468462836912759
191233512385958809
182486187003222949
330910245264515190
550489475406479337
343588547045960823
193524921012474866
166006106559499418
108699958433461337
420198104499189136
855724802604470272
305581454975106962
484735462907967916
206620005287857844
415256347880785540
172430240620937638
803189497084650231
116494551959496579
432077482749632093
934159934285625981
264444311044633080
236601870534742762
308466434689833110
394874968986117827
85625214122721444
516267986779221053
264092810477663846
418250040325781569
889326279161162833
394486867784938317
471334180079110312
753318943397541643
200490968059732945
235696637465128151
522588199150235662
498812159943553521
370331524483964084
415971556328881306
409934730416508284
364351059571916265
463151597983371467
341750852157138908
426820707585803576
426851771845947409
16925958414484706
422826766339162125
544808004462861991
322512219400839289
242037060497745741
17456336405489092
395357810249434055
452909624670029852
278972264024479099
219925750008539270
415550727074921345
621206213904468779
412679835964461845
16247118993527636
765651786069379964
47654342592986125
397868816323362336
936650262216700406
36845119486243272
441846259772290837
965138048288545730
314927004311824779
461340690924820652
635670729891422097
399988737342221273
53877904838526434
327982480006051128
289015134317319270
229574701203041232
830472441331613797
196551734462896730
45124422173089953
667950386424166283
314798221613918326
179746404794803140
878358341664928370
470307622602984031
114337965837735545
511232253115379847
327800055350667009
499877744428588276
852731850851043737
207900351563055527
451179407487071357
778344510971587831
449694448653675347
230312917708281051
192894213593436654
439100071245129945
237998071219336463
925644544907182414
461282577905153375
260802793958376971
142366974271636561
477555185432019440
320017730901430121
519837167655727773
25583492707688143
473780133579255621
54767396287078908
258202874096021449
129587866043041374
649749907449015132
255045708959719659
109170747504796765
517407774233967270
220793738088838168
368589270722608477
236752713753042300
330636654987910180
57356404876818004
225344792856062690
472182534578627383
53003959985745904
760657929320512295
32820559515412920
444533489995345691
821829967631833247
190630282197547118
259396291094218012
852569424865132185
390426424046345640
333503721006327970
779421925200991919
489022306356135886
165953797717621237
911364990213956568
330824754856683895
30636851213271496
909674722293229913
274316494803348863
447974654456096191
758346323851565744
366272590520094673
129023175413099732
832270587318633537
325240681498408344
257684475999771062
903761084759699199
313962108869148872
338127547186668847
492428102764015389
165480399639935588
259757890590028154
858548003415809091
283285211870462492
285077832501097337
522099801099826271
27391118729648712
444143484386226628
707824975517485617
423881402649017585
221605308555864379
596800274977485865
308341800373620392
93312502682615655
369159567135184258
262170425079144189
281039686588183450
600280883025945222
353099201458097113
54137912347886130
42057189394764611
267246398397231142
481928079046271059
227769437018040268
4806143193170238
183660031735919540
587956846807433516
283627346226623216
363668535590539927
602089956540488256
234940624861383099
395880659370081893
336150458951099353
458877011658697260
345512683499621165
575351945105232293
457831919273375377
96583078870827107
464748067124693064
465882968940302808
428792196949019524
584653310974930152
16310529930401221
437582100980137727
261236020250082729
389100384117638762
38661326792055066
166845905210703643
58215822840122313
469550001425075101
887143007271178949
57146544933246897
217380631049875449
94772738988533269
241242897949420832
91171907564703828
628875467472685656
375035436998371311
495081725876269418
804773419082577543
331197454736320153
46314041192761707
463210214137984417
399572624485286376
424231541839773658
693999586820181343
268085257818105208
248169877374938570
350436585866068770
161242886751024450
89937742995126678
286995302164946876
356258381311482167
213684702246578889
60494368005559867
144070819799706552
275159025786721876
36981155972723146
192208338439045799
347299285929212151
155423445436169079
493523256634974666
437880089348616980
116568303804017134
221660926934123781
360329551892250324
207690087665963280
183273166761104630
431835638855088568
842169676031965093
209422478553430108
405670677262076762
469148222717491506
225640556903716926
23508936284335776
165860700325437886
283226192825443043
498204989018633970
547402556179881369
202590298929484059
13381185412936533
525021629445313932
451591423328450166
348977144108900773
275726835338636819
84142666345300481
482601509828921159
580076604477045079
144671336729796229
459262848119310434
931530662898059456
176457426628837994
255080705961609709
865373402896932275
22371115161488088
478721649504808855
911725512742835508
396285541525479317
419323799589108317
862656113921929293
262009671745009320
198066966664639874
450455976424861759
15013292340524920
416827738536920896
187465959923788667
264522085062480342
150096907073155908
478536431172319533
492595111907008869
271994209107508066
36657509161535309
475889826002085087
164345399391580285
573361443690497966
166118181280008114
35295047773852557
354452464555725910
371123461179567337
239488774835255916
45767363430108323
459991878779061097
340251809381268036
537805535282064777
203261212577476779
319444034218991236
9108581053486264
308355114575697099
404650219707354477
191463367500878069
70150708672320218
498354115636027824
619306484282136264
454321920101290382
481294219201511799
126563053622604045
396764588271289410
464873910671463292
647207675991513907
104579901301678454
141582188972103103
33564329102517508
267318422091653773
392844197891755218
557794265428604755
114540059235172859
288519673605632197
480528319877211070
339131300261446957
15549499802993477
570033486173202258
256009081390322554
155716706826450411
657673588442066928
144614990900350090
494067897866824604
795842604810238102
26049758015178
25947262819399965
181039391866913672
284666834313984620
52512215223816890
127991838056051566
209142256591871379
90646785347495233
854693636591744560
276534489918193318
364334393084872228
549864603886050741
375049008754439777
433495630380968714
324420537882592272
53106308455291894
244351336998292201
464241647200547609
482431110518424448
327681578012248386
861858568265352620
415770264933229345
96402410218205409
674922674345598546
376014445459000513
5623954764293221
119409608979861947
394452506403281303
336107979133799131
33665979609408003
98489609438551349
214271595663179084
810608525641765152
352445320353839914
216328530084210636
886046996884321654
71066565256108245
106312268525925822
741234685412039682
436590086403756378
203727464795573585
988773689340511662
92200242214359640
163960471159636028
158189315089093789
314078672760438462
364003594129804148
734337303742280614
209387322262686338
231013550953982117
672445275891029378
278450353327428975
41748068234560159
600417460129993770
321196459979424172
265087923283647477
457214003337924935
44607612255401658
237224935032173260
171381132110359487
265419028971677548
467774719345911165
328701958839963697
437802561784819066
131840846558676601
827561277078491191
239112012932348989
391077704760898788
717159352107422958
145209048598303455
388008302387909862
768136708681908961
322101055936178416
393679635431031849
445324543615108700
88049659963882431
320593216806843855
932224763043192604
213866610340306062
310945887921919871
117281134146896953
391159156248934230
46796146253929184
876155840614996217
344378423363404938
313620705268259551
520153179307198656
378104499671857652
252838349441205891
967836197882050128
201567650371538790
302413178253934913
772441992781542505
461957986924236833
169333106877134720
589137142041078488
254841969267312772
423254305469845774
810014302284627093
52695205783686335
410051808493176210
197079131824863808
260672895949790001
252253499088514605
748496753452920844
23594331576140531
102893698189903144
40466582935120092
167623621381904618
328889997775902415
288795092826287330
64296460395690388
264876729670015502
159083102878105822
159111324150312618
295610430156302709
261095862189875340
262484941125517928
227154774722321562
775644403403036347
213451275260598318
269119727259861910
329125334725075563
338547380312706468
463262819595844468
860401301867746736
171389691046019883
220362983477894822
221492092366221066
219038354076381451
164221342608995312
365084614845250606
309654415166034102
170291676351508573
554319220183903674
270303577757323278
133043750271909032
780820610260726087
7587820712233414
383953222972143946
439253370952275280
395895098029636295
293348269315028557
819494267405858448
172492766466494721
496629471038694228
800675000918161755
360494432676219231
33892637201561259
739301668619696028
235984190853505616
178696235454867304
343639003741899699
482115262199932749
250218382450048327
179740956393649439
320632276759516911
267808148005036968
987516844449496785
294561954612680138
462242352064701392
979709076931877931
164299984734540013
436180286626634483
606693362595820392
379882840598731114
20819158915059797
662511457387942109
274589824265888218
20977426442426540
899362092471381801
100183707751703538
368949068130438743
347892962288324105
3757585228916106
196576681889827136
156038605908748413
241819086389224105
223282000479172168
493768494906406937
135363303075735793
23850070654413739
436390717055798925
76509252519319372
472786519111765206
928704750425044442
213677848211063339
492203816587017905
128728839638161033
98128685649315934
265795172213520062
893537370586697889
386765475428179275
214724719786008634
948934685957479698
426243560694770318
166712011793300221
851483801775103602
369918360167842474
391150521714853573
398759100200758430
288736122049118567
168297770128459500
573306822857365739
321155573126448344
249773852847181277
159544935671046650
335242443812059850
94212929843858023
338913252763730883
330882086377604318
21615069615994592
101917259279686730
107370466012908907
291812303910435125
497882630924013628
499579595198183668
33151824223464452
512508425417446382
299315190413715571
34899172368710587
822970577715801926
358947803156778087
42868510001376817
735208454563038695
221316843585864206
111508680082928298
705795133723440193
406828703748335219
490853428340753644
604458457033831245
60879780994368060
67964823531611868
779295825528855437
353993134782386805
437339152205483172
950527092699322268
302478196085934968
332250350662570955
63035882700058317
438252918759914995
406870312233544744
735621435243240205
93982473997831016
350275600083428407
771939693405594161
492386976711900057
259869788652680419
940498517474164411
92369155420061821
319830127359785283
921412662000006938
385604437096519558
298488332925863974
795215580354606165
129915016869005754
373730423388298758
193559292135512672
410390193148065925
200850565944670092
982210233976342733
78346981610363336
311827571896796163
235549444292783063
271734778031758140
7128044826030330
379584458535532224
203995589374103552
256111285799818512
128193911347627062
297805620519672465
184196592486840806
290690802187183492
262567536913978102
296622941507852422
694564548564567702
289385883801010135
150665590723385291
449468596837166316
416533416167412341
24075319229289163
76673330378992239
246860506602501393
380768739400704447
991210018065447607
110949209283436736
213722353795357310
143866338229532820
39586290075774862
259366038211958586
684727730115813676
128041361784291863
427889505117836500
62421581979647133
35096048371234832
282895712520535174
267690736088580623
119925559394033137
471768064179509581
840695622312040290
359571571967836622
11603745835956855
453648137944585854
135355714792419898
254385017336609306
17619903968740870
137699602720210057
197063644857016876
192297059804046985
426698930631972532
124687598970651142
434692434473425390
108274801570029768
395289684791194640
328474003354889750
306106169141688244
267981407994004050
492204449660246054
493897244896411498
319063855660656133
405755722375542868
89107036421730285
12462566314590103
457038750928848820
59546569991944877
284906686765432569
223090107125103650
479943320625206317
300364714845164443
827092188133599091
495312937643106124
148853761297172096
880425917965723682
248958859225899580
378098943240996963
815499398100033775
115394329001424198
189759656576761272
243303713464632695
11789935885281388
392297986955728424
260441342298636139
442239089011613325
234903812883428252
174004168348536749
151957617365384660
159333711648379522
166693010037492886
62372286957199746
220666009129759257
420368351354981645
251881383540358096
357620824520933450
333597248240171958
386974034544588079
384861861490449735
474106458429185790
28219116007415135
320182474389945142
841905536260098625
189748090592042798
264180242618077591
663553441058843490
243584930500783740
166955273709749364
792561786019181743
184315832632844039
477466270062582892
75861689656723100
162110168231078970
98215532069958069
416961994901025944
82847696184597107
316095204253227077
733963424362850478
284139351791746398
255775690661034502
725217019310491133
274851729925869347
177216231450002238
996151620099964584
207926013370049782
289781909097515096
773574011117417867
227203102614577598
335276362780454871
309445662171153357
225108413228628690
335626272368229488
269649511505989882
55765594143630316
225426676005524410
380474398326204661
362779498940308207
300124189386729147
35459787569527048
495953721935900959
451063705941221724
93286784611752502
172835429744684770
297289620314379340
636363820147237469
236820210084235585
288361917741791822
437785753207906983
448506103440453726
404642515314948031
456345208545576415
130320191124567655
67134199885410728
287539867932038138
42401696540885799
314149120855328894
757659121903146548
440726270540419477
275600239664363452
879695999640387224
399265378533768209
95800745230890636
676384100031110187
486709762840976530
78975855996036502
551277929122750036
462853041084878667
411843128639205247
509205975836913131
486596509028989
468320377005282771
492508489374523157
116927012792244785
40412903434947669
470267824512215929
192085578536493952
227612333743837553
159652728639840149
168335553471678095
32133660995032411
159553337847612995
121788710013474505
356721241179568859
914981409706201747
292425131442844831
290908220790849158
746273987280687586
123309679291409722
360290084219174796
661472160173004442
181372798135314178
360906932005837425
455263243141729871
327228373940108212
489497435232026408
965879181266929816
337937435372648881
120504488925463047
938374408564730870
315731462500312065
107097928261599334
293583306590995688
225802544952142612
497170597718806322
703700946115302668
210580552429762981
357430333283195921
848392927912518919
6647396034494051
222993971941899258
855553561235923440
203792326202849533
109241966334574288
944288779990531707
127849852470590727
90755943400146566
991292984085118168
354369897998139579
141062615171674778
252313693040828206
313810072941353770
201930568590727269
404515642133344689
280270177878885965
378656673931832200
416451819060921703
303186529955199380
289177038213688226
307558972583218425
207219128477895903
296849334317081334
396090676675401152
415033134683848399
245318392548383839
265064778918048511
341175220631387262
34505494481090857
731559649320075149
147372449286560911
360927945037355567
788806277539099746
316470006040123823
252997331295032639
964338645299507611
431503387915589659
279853760728350785
63167684193254778
120028118908928465
144349351400081064
85259991673441008
419088102292968293
222242286959953977
238430395796339777
371342417509075723
164173691610161800
406983266717562822
27941507790184676
223513206987829965
60425424038675960
209924439467303766
333329622422799012
295186251651042909
316667197971985859
171986437794630759
788776812038404027
467891755492005107
62915493767455753
720412920527573511
36022263437655945
56538438719746820
747618229919566869
485209149995436151
302203691702748017
869399334607232606
237647428682318313
41537892140573804
598244212400182882
214665172320486537
456046591411912234
443287301957202531
25606416251940053
305055790077518542
527190470937780532
490234244696892895
433852805520596482
978564924171386214
227378641489195429
206007948662463593
103571640894384468
83533002456318026
268956130427758283
443104008454863130
308088169404039848
272779009015857056
978837974218909884
467705426119808075
418474800871708176
306518228604942511
300914889117078539
252983962727812110
121519508263591186
250558778445422059
484925545307216438
955167176584921154
182991216419762437
361422653458816907
683723694813573113
416905669849499526
229236726161429078
624732277130322975
481681281204439863
291785760441670961
632166882926802306
75338066317992774
7343119799366444
148560731484832463
391146108217299976
328820698083594400
51978267425892815
75427739235502748
153645839277362582
86085476581063167
410178879460945933
93723926719486142
140772362919360697
117676152409837451
178563805954848531
801668813702882728
170631023956975506
192439240127447688
846640292127786241
294695186451398822
326268671799486298
925794082470034313
203634751330093111
70667679437954086
803567228521624961
395770192886278336
202676357410679818
102040563478712705
273042597549663121
242395922369139740
63411453588909421
1042147318623321
110917206437005912
419064115470348351
382590102117315630
410233648833532719
445655928159134753
332420974748192321
104717382532340980
244158396902281080
42829174152988018
416366564877606213
508038066591804519
178293750300823787
375528128295101821
560512720556071341
81747923150267653
193975238283786629
449571134574067257
198936247117983705
96084942237530765
956539760573686986
435352222219532335
470342375883907986
96065882232639669
423432001683994965
91358080835421280
406046464767163729
38759480978712040
152218579329648531
482527720988223931
38164485674108303
370654361775022603
427485707276255979
102206426467970179
285818981425468692
908838633436581645
33675466477662791
190839022697925114
875897306950694033
441188342595142073
19303357048600830
619064941746396202
405708407233781572
125305088366994137
266239448942394020
419488367754753475
304732035725705165
166045369723689160
12940383314157892
281273189268384415
992965523397380831
212971538742932765
499555430523782301
403971677782169400
130147521550842419
407429813030467747
541682749372206159
470946472234112424
162837192332875383
9657810202564283
63397361401320549
59427093857162540
120470694595847330
71792714940808730
474394690088592412
618359995881469020
382518108059413202
221703066046856844
972909490359324662
413907316003257522
393141425002357636
801329239844665414
477101912459090269
230903528012042239
692942161976519695
354044089581003957
395573564618838703
346299684551919883
256334635123909990
192940556681116911
113235384808719827
415479873727497931
205953913617003495
807004482546851522
417575892538725003
311319807084540912
624955157668572573
414793888092423833
491892822558827191
564945151425968148
168762204460798343
4611718866210224
157373331105273681
332936729088227786
196343424758140704
473801863890739312
63297233639913120
199290023025081464
602010260126253666
326097331774320877
367398499597439071
759069646100168671
237691483149681597
492409454220577151
437523968786793942
246511339736629864
301191793288809967
915423699057165697
250807099606636037
404331617687283760
705053900213275146
214806068584566848
250879350896603287
564129051653008160
295902792311152070
462484010079198652
398615319612862671
264006232285576900
286923338962568077
260046520742839887
351537994826878811
194001717223636432
841853114288523678
241800463658409634
27433137065683360
83711986725856813
185809130506745471
370359073334223512
613704172768243431
175914279275869676
245072657886903880
216454996694605281
39502782220481437
304712640072011130
456338499810455514
248068040973363613
90731114403964897
614116588295206352
238682115979719674
207229915585268607
140810397841389078
223762612581409259
484227857545911022
927218737687048856
159943033004482224
241279732319056661
901542518537296828
123187756618982359
157793152036457671
101800891844372728
59860048533972575
411884286277864720
469117317871299482
371309152524586355
155177254997592577
427747874029770270
468994764340814627
276688887793079607
799461004535845873
308992084541210222
458932906499497424
635394072076210475
409751077105172408
250469683172337776
410843694506641450
15746249012016889
40673495562272433
820388113141851699
158403406717920878
112634812035080994
129308173921660870
283557719306374118
13513890640585792
799259101205148202
352744567758608961
304897249303273585
297549286523162356
118594729594951867
29216175315726781
277676357203906403
456281420912624771
286786343313126952
558335725176557745
310773581180799649
252366098921509468
257280732856141104
377242171035339874
79904937793194855
444610760160225231
265982033353721329
210269964386775903
889964571305276651
440541097869783611
443271773460113560
33826827779927065
313326427457629689
333920169568349240
830554922177971223
329614500398431564
313190086127871199
197337504898168146
60620672482180665
218176483351619277
244259237943983523
12792423122246901
431061862812926038
885897773636087596
115636670413596
199311440172710467
688048861513597128
418732630239403561
257052866122755016
943630795210468917
321534427413559274
126005585289261343
657929860300378849
86254725262278528
50017119178537425
41000347185122050
204801029844496245
486524505045918579
611366846827951124
305150008645686482
389935261819646264
692611883813565587
90449749930118156
162833552176976173
797875392898287126
432522537695909871
400941931818651031
279809892014456390
221958568567667511
330972195256478225
338718504322149944
165285835074486101
26784505199496196
410314876369751968
412270221760983611
386653510434992431
388391114096245964
287230439709374058
343459240353700148
951024140277225342
149865415734619
67380013064600926
554283953409830513
228099657516943523
75179086317055335
676853670617637653
42852683887122157
225207789772225186
934202687032595346
78966686371618116
40348681634053238
968271915982237895
136116109194467034
179113268079648784
52259358949314037
228281863901149389
152863531954955317
692717879680124569
299197399558985920
163233341208490271
934882907367636817
439999517808730925
87752143415710209
742115775779524523
56975352109943372
149420868020022568
658613555399979073
493626748125198945
16729701912154461
445131673325948661
472355100456570332
283915231063201435
515436743163624749
68823825719166712
178060490166238481
719050321873245319
416809331296492520
174990339506372095
822639163311141857
153642746694465064
439658820636712267
782914636253319332
18479303186047943
171173604711430897
267983254006899455
427047544683157941
269812105314860522
320325455319496075
286280840718052594
40370896169256475
983396278988790594
166357820449143347
432660513119630526
171472951802399154
329808955130357841
37932488107017431
719599389352603982
193104406895323242
200398314208510549
490045486575870990
205805104047580568
266216244859569796
335599253044055711
89131455262235956
301178401313463814
729645080949774252
461262828648962284
418870060919659192
316738239753645094
383579749750355705
258467639090299996
571361094523700364
288458879174668940
468060981505447431
990988400693496801
242652039496512489
99155997352665451
157970163458920544
52752918293889045
266982723881725438
879720477719238519
251662959280684182
137992063566299543
781477812374233078
495591127543919325
455182349284972933
790964092705844834
283426271750178204
449740444991873892
122984116194020391
236468641035767243
196474935671065348
354373432368662173
412218498951882826
91409725073827150
272193677328949085
69590056529242681
424126033309833881
457666107943896276
257157364381923802
126884928816810629
24336350951008431
456222334558701995
418343900475141728
244772969834421838
454821275287143307
227044538775051103
75549890572359842
307047458200844663
260579357509389288
737294208923921638
324651367085832600
91789582101998642
392465131961529379
182091460852989149
97378219866661985
715412338761236627
20706216848384831
122657970569261224
933030002512146378
362427933589174880
335944830373568971
484287767834869667
281054112613171014
241913444934272189
571432915731471483
292228893083236997
50103491138801175
308490124985378260
53657833484513700
786252237335261
696779382743215792
367961980877718019
151110832925057534
523700696090330891
359149512355669933
20216960852882234
831570355952781317
46914088511797051
322002272862416957
966523761502491231
256959635581802246
457439799746536465
102307198204167137
140540082993616463
368411074650721051
176191911908614344
273480339994231952
407197364265976846
975348300564624627
196478096787186005
118999371017751343
463853499267767377
442251337659675837
5501332266238003
496213048937753149
447909297083668252
82960569843052838
453398981573607130
68719075486481650
39299129567825243
876585422224500613
425208316147790924
407338557094320908
323714688110257086
400678429108452002
14710699732185816
537287528615333946
202445635250618138
433509152563565325
488122590025249488
158209051376022241
37060536642748526
902677307288192790
2244308747034658
450584905498313959
250041305987518942
479451002004984701
193314281072861312
736086418748223060
235761572173326897
120761196281212704
695122985816117769
80202053163534923
168760864872753853
676744425165899171
202254278885739447
428212438244117818
596025448346295989
409932335029933197
208494283123122988
333383951508739994
178939121361561270
88858820580185551
309519877761775120
475412181154002023
322813092052161643
334539496107994005
498568549614768122
458076684179822869
810769659275349591
337896361378766515
346321930820253676
120419811899872731
429360859164277967
401097067716641869
634008975420704607
78941636055872040
149003099425659825
880954796633102491
494783118147387217
178155622859636862
522870787414510302
166978207055056346
218338104765589389
947976710199873256
358452273901233699
274996219541563509
185016354127608862
422436307516005724
100465781039752568
896529444382218568
289291053669286537
7225801028950350
657454273564845937
96181896631806999
414419153714186318
974094964951769316
462657074633211739
384852783341188739
758128233566644984
321455087129636874
283356476565217411
802571628548185743
201193112930737217
209746299646536876
225670919276291635
270919371108764708
321375005409532099
326449577464463611
109659307218369926
442503404674382540
31188490898768193
128874566677613350
192284437879029872
654308688493722980
143247005277958486
23999235577304325
352477719508455282
381231285086398793
368810171409950545
888259581114726485
285937222411406348
10135867562992284
481210886085189434
457694316115614580
310679230664676374
536441731241652895
3718678040319796
269196241194265934
11322963325530452
357542650602432272
117989483964661168
653841691498749422
15935150768981020
73548012543942790
941279302445226750
415548252467875769
453996864864619680
370305886435345093
206668299232814335
346267168568142352
955182433210206495
2549095840482074
250160118039479589
53227716356322655
127269772821259978
321085815237813821
298434822616470346
8081958770158481
211331681106270769
154742054236439625
214470962280503495
458669207424452450
372119733872759638
97894607847643349
79975101936417684
632612543630070335
422482784647723668
101916926343014176
159802283439255873
199107344742283324
261818552407419416
482942839565566291
109142395739410418
393988027135247030
280714910947046449
276270268549351497
318191964210184333
370188208328247805
422636190995859427
277047120823842994
1393007350223190
387314912347877461
489951710166158522
165654654753851535
456417396036218637
475572861852516211
707076524656336264
176660721774803051
314480472780554602
8014154540880342
55135260009850144
123625142724023386
446750015979266330
160958870451983623
436714958627952683
743863122937620250
32458765639982949
215465561761112016
715927971500465907
355943242420271250
272305581657256379
545889971999955893
220915063671639362
83924335224208539
670392196374073527
416493792013734166
455656470561730813
922704714995579220
92796876722053773
448339057475104180
429485944979981411
392951031903805622
22103797239741264
702583762749440044
259868887554343076
448896724311489980
192718659468633297
375241451352953147
243967554262474815
526283107584252410
77816886368337387
453857885356096937
133346614638291028
426602838881950299
51963064292484743
691960186450479116
220036952693836822
358581579149195445
569796847679199042
224061979871355570
80923673737239797
223052521526379701
289913098574223776
234369684221335927
749410766377288018
17259575765986560
133416321278907546
941271828799314592
139658814977645994
360157087527225094
105613568787676862
88654463954188233
36205145701618202
305156199547214213
426536791972493588
172642660877076945
709775188344231766
431067721557732107
200492445649749676
130741180861336113
274873450527988002
335901195580269817
680303422229920008
53008539390748224
428065682949554210
855189259456513429
18524063501783218
450148404603811651
858663182715149464
191613795970244325
478047235765670685
183127689132504204
67529554358478224
288573544549577930
295753138549703311
389021164762022869
235811762220444842
359836564924340491
192583149106798912
9725426072140283
286750765480552746
180133460288781889
10905316390272882
250613693008345456
483140127659778818
139847070737528537
173573328285183540
482944659149128688
93377343826250122
463229704886365080
260112266403933704
288989315944036636
868362588001678166
108521483202375846
413842068751288504
34912533223543470
394477340235477623
172440178236784793
705161908439603588
401787995604501995
230319117501413928
909855023489118182
185007960623432008
146139284769667357
520666784777678624
181084544832761010
278739393134194251
831473680305117214
130604569983329077
231568009251401400
251014432796134897
367408205620060839
498945761007651328
152595862614835846
92552725824385423
416006608784770585
345902418005724176
168349394545597752
452061858816635144
500040856068948898
86283961259798846
151096853340703758
112147525368574535
283430303300347002
418279048864359088
474566286764477014
66479253844849325
99846799841875987
284145713469327272
418421350535541013
110857967670981221
232852652555028327
352522746983926874
487726047599982874
961472267983865935
40551104928303432
163760677396002706
522961904515994955
304166773638964086
435108007361803173
590780459960489032
250844597086829237
388245780393718340
708448815348090155
72382150832362090
47072491035565138
28774511476319109
84931029635171114
218656482965506062
331131056094162136
283146767961735894
440541420262305083
460269337848555336
160209979663390721
241796959713175215
235110733651718320
359567902901667296
99293648072889111
510028308888163768
277167395477635185
24256451673923082
674782677535693693
439814956116968441
234782149504338174
174437970209497483
396688010767762733
62848014373630987
678500615657639010
301125801463388596
338724158496758751
169610085708956098
99756017959873745
77753747115437222
873419336572504121
151340859798795557
444152822809216777
924728665477498782
52182959985147663
445617034334138946
670337780455268619
321398964843925231
338862816605459007
897348570775226789
71113110511628288
179015819690854213
387907398546161666
89836552769022579
448488236538611764
307571260388650648
152622151490848861
426321746077723419
261860132570755279
219142894405675696
186048934841995975
296309283244616024
165810573277238108
413338659973772430
736128294967719669
65413748796908273
330721654398868364
365640319835555737
204322861259347315
375831418118472950
581124277809764406
280164459960152748
318860549154760640
844188694393539966
345215534877802094
255718293792839365
507974879909655804
48734324700306482
363118337604461137
92415766324097825
384720301111028832
416554746370176676
161375164588219552
449531118286822479
286448791686588670
482656017841837235
338860776426499665
129879651704540127
532809620523060379
340844891592775559
397322520806880925
37494475766875776
300866419028589303
307157039753923312
617320601241321656
231868274584258215
375041684162844813
626116416933189686
413530454935866621
147721631144492653
831193170943951990
405502583254549414
177471481575242357
695534454004112265
356019447122851442
303442892811076002
149473313241554676
328893890428794521
305924741123265508
627474547157028606
71777263828803436
173089512981240478
633511387102786583
119950831147184422
66155396967832147
243394206351490193
314976789474680689
375227684528274046
149255611901247349
58856737254229716
132261468633180150
98712304604815909
466709113663107960
244815875020055539
771069449073732696
274829033343969951
225983347603541538
917385577971636406
497089815125737147
281703158767630270
804956188167676829
263562783353519971
498964646414275373
342864663106613419
232091280375079160
81390365832373305
985678641506304939
424419924775994507
260720898945970047
581763485486900268
87415792427551305
220398262609805268
667769950391176240
382416746183352598
264328144158645249
959541024829392472
374310686628958462
32033540898176158
918798402303806298
423041644949581408
160000300485985572
877385075448296420
10145582014122718
38005633469204597
773802740458762696
12873139898391780
74550275959922653
915601923426406998
70422609675174664
177676581255557308
990731553286209375
381233471699947217
483069744184345551
356692359200086611
134581714579933345
237013806859213982
821754283336244118
36526557687575658
21939956048005472
351299059120239961
351204817100774289
160550717441288643
400876216101161955
228167988026047069
226676973250125339
653814814486623072
275234623061706948
410936202864193633
987433757123165517
147352360330193702
152118934356350822
912806384146519176
244373638477549893
150664532129401389
889833429411818306
180338292660628217
482276593473800056
921027988871393961
367096540306041540
203785587362380503
48388423102183014
88166231377190364
323028295609885804
606390510641522539
376161348479306379
249222059300677192
826718950573116537
236004390847093661
5107613680799780
321140845799537968
456266500013033628
198186337649704510
928826022699602082
345801204190220403
198540300733177633
705417423398095394
351233833887414708
461988098883649965
497397448492997996
238812629797930368
119568745036392525
979018529878639504
465505168341891055
124649760692312839
211990376444593391
260999289773218586
479597189788633252
966190144039368484
229317035090885594
406316210544805480
676415916498540161
107397190778792333
104596727588481203
30944980487115025
2470342309290444
496643105927211787
573438720308369491
124970866178269255
338769415189968221
970608410281420713
356200391751399672
99571988061551422
491444813318447308
162506930499661874
454157327178686523
970292402652157499
202892029420948580
401731194657270803
701516590534028577
471972329272516922
401581271871261768
900821324437025606
166559311818280997
275317714401124988
92644240598953275
246199234678114316
284138140811739091
520436561077147895
186162734054583712
5372519538676364
521943485667967722
109750796956918038
248075014635089657
375904252747074547
187084697966864486
23242300780418740
443977588021509979
411251651370567343
322710619296171370
664404218933501440
218418373923988729
246942114527217087
892283742852529000
341869699089327916
59402590845870582
181100263393723571
344965879309162973
91384621682411738
942251853857152202
84049434812730142
50081440392693109
350814310602900709
312688742468779376
389496644064790193
608515334615690854
199816748241984269
383515681561350258
534309026691561969
326943481346924406
151299243842723586
265531619572812205
16434956571927296
122390520232651907
811632687828932120
3461323458847301
466100769766426292
138092252162994608
41986817694395772
277907430255609037
316030595262392825
108106794796198125
164242030384399086
223500245275881229
394281275943043990
260313291535813555
340633282604221499
361107395161880299
495373645783613420
283739736627418787
332932266559318787
241098582549141429
165161872541069430
116208155488620056
406530402693579064
614760687412874360
480830333386050477
277849688787271159
718465135458526493
359539410515594841
461488874834225695
335609914786360046
235716281694517100
408894819366549720
852311595968257586
80059333928781106
491218210738364444
60209368573757192
106429848232330025
81064739398751464
114380088938270183
120546330833242782
101609720946803125
604582892008389690
5816134688104005
402778078731969965
955606718696104968
178634440087519870
337700227431223158
82784461559822555
237510832691589028
178865533176162201
378933238939104461
271897455356254543
269764703137777955
146008684517268901
297962547359510027
307927547573431038
523336874144605864
241828376494192810
436554024371655839
567515500621948482
145287317313211869
165197806378252942
376489427544205279
164397975415346488
478261458178109457
320864164599140755
213047415127776221
355779915064105675
93454096406661579
20081646314152246
123676254390322527
403157093813251899
387395526995010175
243963146139105032
687324210113729848
74146483880740787
318884378356377867
995864809293421074
350352154375339484
27628984907230005
115880438775597391
424479844930691493
491297288895990604
426609675362746915
366128927478672277
15889236163854282
667446128062529823
284547974253532212
345784219256744055
62611154885657433
408163131290182670
93563913507624318
538079299721640177
349642955325164453
172157056775778126
142717875481066351
269056740231478643
76306861587693450
211630271763899022
283399028777855620
93526908135081524
635386820912400532
178973934561130243
115935060676752833
758894059330332490
423034535008437077
271209458172590246
967660735745991693
115175277408346440
14250940650517829
873368680781012665
223353455889516280
410620164262735062
576364134861239134
364113846321589864
410691032646872712
219864473112074332
348094084204933621
260589269053160719
361087161757181890
136152651284049158
249765202033047048
895875774762667993
467314374176358967
88783498149698599
770906849469452794
422888408796127135
216878971405889828
438886749774343115
226933541929940788
98907944367094827
294968324723353014
113420027320894029
244982531883433201
574846391389108368
446005120513359760
167375343047299529
826320961520094364
147947560261665365
142673031448468790
245219280958513327
308193476393674701
401781313439288062
256259949962237423
120088684225401118
97857427728070505
545075042528073723
242545044872908787
224772199825704336
206760100019361604
258125251857842983
487797121518440231
263355363248471876
191326552716378177
217669761921338553
543134044926055548
426083783160673486
460082656518509790
998096546357348814
112379408051552002
211918141687405498
659332890969283049
217946387302100932
343827814348644272
547283605430111567
101353672267269616
8638894578287181
190091196659287076
255052360708023601
82322406097804347
128441923323461737
414409987607922350
126624281809549838
72265363603771416
412177584845008669
483980834773632872
161434954828702477
397050196775697703
105289286063154891
28075970647767312
272316683729212991
456619676851545155
759993072338275836
197682077459562924
327803099641410223
267544516341706163
410300342117395511
257031276249673385
411017806297238453
134526550983627811
440983851223331249
920592685141166288
149612117927183494
73544593653596918
755372507006157788
253526259168766483
276834559637111307
942410631700151187
475669135545195623
324276353404976760
572027711849144132
445104131973220142
310173759517722783
408575070599007799
39248673247449032
303887479044556348
141456544006800738
198966838161915275
405188576471197462
411847005852410275
320717032708398231
421729353197648989
750122513037353277
251982445893095426
482662531420331480
839032522302908216
130818573744287220
333898493127097049
66147813204204620
64322575998865655
316019938235749723
269991063392142460
435376993832428620
168807503447083938
434701073892462221
210244020511536463
170233856129685201
271916806902247455
424786706680175699
48512257694528164
11443178155119241
166634053033287400
113499230523826480
433087138318992036
45437477608983626
1509954117297211
885666613269687482
117081092115261596
166841904203765134
657386436502220249
247220254643486556
21630750235468061
858417264263880406
470551688101758627
477283651763133560
19821350823213332
89876196143920203
1678023585233863
46446643875042736
496578869879967941
150429752268167587
626107696694314472
441898922487104767
311820189296496501
594933887177041159
258469680714615901
110723604933107824
939626800326475380
271851635087505692
168171947307411942
162212995354412983
370887445555562691
330734535756634431
13624500167462188
432365003193617289
100550396055233689
77848959658527598
104526481052342185
415944969147747279
514949574007824824
61860057296312130
13397258544576993
988438078843453187
229837693183944913
244106162926365524
586098647270644253
153239791946064210
299706485929920791
975443205449664279
43873728620177925
404019532175195045
670541622225656135
483383131293836472
25811485857697464
17748146433533017
225042535311158271
66418209783357742
668116520091284696
364912545791408106
134291872317971892
60838673809553840
99550643615415904
375060265934395465
315702534319352015
471250449404164416
20884280426657666
495308604078504967
486007314230713103
207315891548158434
335655639314946714
489338976102937596
124410448838238813
540295119685525901
82922265585856849
132819797739344028
885215322878826980
147476190536523891
148335986936681651
872531910823526686
274175734034975599
334531941397862374
283587766043128001
372308749204184418
468317754570032530
804930287964393273
370303313566914848
381037168715272974
723509544455509862
213165237293931546
145360700669315757
971928400235468113
457883834756118940
256854137869453978
667783354376664965
248211732365791242
135451045898568983
288490365190578374
435300473235094155
293337342671576292
547514804220572528
320132250808294180
230880175445717094
455126129092968916
325507297528408390
225123825591355195
367483679643002704
123292464265445709
24487849899779280
421744907294402900
486055459858787971
145670944789942494
740935377743504959
386993154124809996
6009977242667469
513172821987846246
439296559465362233
157726940713280284
230692998436161102
454708756454804868
364874320577720521
168465188721587172
146461848293979619
74256626626453466
546066603576922280
407955738332268507
165420787303521135
199562195481531322
371588780016940761
312510106274734412
823100131218317535
185632594494611459
97327957647778558
723648151418485747
335085349858110652
132844552812662928
530990444161641773
236072807773504835
373055998705665164
337123458874904443
81624919165647688
423844140799265378
503078362087048966
87174896778175797
62818383949664805
673557595131563776
135963400157606044
399852744395436214
527977656747494315
398863398130623303
416685010663495786
80666484838724981
133591621359564179
116899737293846667
790182498289946774
369734116248969686
54425730281976849
705717651120440475
250730813195307495
389586015469909448
703446673237702720
279669872372278951
412038608075730354
563521049343212406
393936180609179596
270749847784059678
209446293330130053
256591369352750223
435001092938271439
193370970633261845
13449264774169917
381903781909218199
757753693397820384
277901894804430632
477230898757080235
948647384769250598
207214466320309378
289981346524405639
554484984158999696
6226414431058023
276296616214176777
14007219829071708
322943058512237944
45978326817841232
783020379989943869
194363333429993839
444142216397202623
778270492944936945
97762697975209204
79420508015031419
683192811386941349
486011187116082166
85334771401438903
